1.27581
1.47444
1.11842
1.45837
1.11786
1.57551
1.11872
1.1494
1.59396
1.10813
1.35406
1.2677
1.1179
1.5207
1.13205
1.22823
1.11152
1.34697
1.11757
1.11587
1.11544
1.18014
1.31636
1.1181
1.11393
1.44032
1.18282
1.12105
1.36893
1.45766
1.10832
1.11405
1.33689
1.20123
1.29503
1.15656
1.11922
1.50116
1.11461
1.80142
1.17141
1.13746
1.14379
1.30331
2.12826
1.35675
1.12024
1.18442
1.61869
1.1137
1.18011
1.30582
1.13692
1.28067
1.18382
1.17202
1.11312
1.10487
1.14407
1.14393
1.25763
1.1194
1.26628
1.09757
1.24627
1.11349
1.11428
1.16133
1.27321
1.13876
1.24035
1.66793
1.1184
1.23821
1.1015
1.43397
1.11758
1.34737
1.45139
1.4197
1.2794
1.37333
1.12198
1.14188
1.08432
1.15763
1.52676
1.84108
1.83638
1.36612
1.11535
1.93364
2.1385
1.09259
1.12804
1.65703
1.4716
1.18374
1.11611
1.18974
1.10578
1.10574
1.1394
1.11881
1.46434
1.95536
1.77326
1.16142
1.40517
1.31087
1.33221
1.17325
1.74449
1.20571
1.17498
1.16693
1.38518
1.34228
1.3307
1.10628
1.43697
1.43808
1.11325
1.1217
1.85108
1.383
1.21202
1.11674
1.78927
1.10836
1.11783
1.48274
2.04249
1.28034
1.59467
1.46504
1.31495
1.23332
1.08265
1.29938
1.4323
1.12557
1.3891
2.73236
2.11019
1.18518
1.3379
1.11986
2.39229
1.32792
1.36638
1.1155
1.41771
1.43235
1.1105
1.76468
1.69181
1.10841
1.11267
1.11826
1.16001
1.25729
1.611
1.30437
1.2013
2.20124
1.13722
1.11576
1.12398
1.38777
1.22707
1.73836
1.23177
1.25022
1.65925
1.60441
1.11399
1.20896
1.11454
1.11665
1.45185
1.34047
1.54923
1.11861
1.13717
1.34459
1.11606
1.68225
1.62446
1.17439
1.11763
1.11553
1.11798
1.11495
1.16284
1.3075
1.20849
1.95941
1.28052
1.1174
1.11566
1.35877
1.6117
1.2102
1.73727
1.10009
1.19144
1.2592
1.11623
1.3788
1.26402
1.09998
1.12352
1.34227
1.11052
1.89627
1.11516
1.33557
1.4661
1.22222
1.53052
1.53941
1.37643
1.3678
1.32532
1.51217
1.58149
1.11765
2.28019
1.11462
1.36615
1.32299
1.11639
1.21345
1.48644
1.65352
1.11528
1.15825
1.24286
1.11575
1.21198
1.14288
1.09752
1.59074
1.12188
1.0882
1.35781
1.21333
1.55178
1.17548
1.11981
1.4827
1.35281
1.97515
1.1096
1.16021
1.16289
1.0936
1.11734
1.11382
1.29276
1.12026
1.45428
1.46002
2.47168
1.31248
1.67531
1.20024
1.45197
1.24887
1.11829
2.65583
2.49437
1.12004
1.11466
1.37193
1.10309
1.23231
1.52344
1.49473
1.12143
1.11509
1.22139
1.11551
1.34007
1.1209
1.76854
1.13311
1.59177
1.1368
1.32141
1.14734
2.65277
1.28592
1.21401
1.12491
1.15877
1.20706
1.28932
1.63476
1.3067
1.17624
1.26621
1.13295
1.11759
1.14173
1.39861
1.48089
1.11819
1.11678
1.14635
1.11427
2.15403
1.3945
1.40015
1.38058
1.17341
1.17992
1.99595
1.78035
1.11393
1.34783
1.11293
1.09835
1.11931
1.09516
1.11756
1.31906
1.43358
1.71248
1.83706
1.4096
1.21038
1.30184
1.64406
1.34707
1.28707
1.21857
1.11633
1.19295
1.11865
1.44894
1.35108
1.27825
1.68254
1.51295
1.16411
1.3588
1.12784
1.23537
1.5909
1.11702
1.42752
1.40013
1.12329
1.28221
1.11764
1.27479
1.51373
1.20618
1.55991
1.63516
1.11739
1.29451
1.11643
1.32548
1.17539
1.11664
1.42013
1.32571
1.1296
1.11581
1.15909
1.454
1.22561
1.64704
1.31892
1.11739
1.11403
1.30731
1.17892
1.24166
1.12606
1.12182
1.49286
1.32897
1.11494
1.55785
1.11515
1.61869
1.10689
1.65451
2.50062
1.11848
1.13436
1.24249
1.09678
1.21341
1.80838
1.11541
2.09019
1.3016
1.22683
1.11695
1.12584
1.39187
1.1141
1.20878
1.25769
1.37232
2.21314
1.11656
1.17055
1.11464
1.19802
1.11654
1.11749
1.34862
1.98794
1.20773
1.11681
1.55377
1.37041
1.1606
1.26078
1.38861
2.09517
1.07876
1.11445
1.65527
1.87196
1.21853
1.10127
1.36314
1.09774
1.11303
1.12362
1.0941
1.96233
1.35865
1.29762
1.31002
1.11546
1.40924
1.11646
1.31586
1.19163
1.24805
2.18237
1.11591
1.30599
1.09664
1.11749
1.17646
1.69112
1.31841
1.49246
1.5311
1.49772
1.26258
1.60827
1.11562
1.46828
1.16386
1.52975
1.29907
1.31542
1.94227
1.1277
1.11695
1.10417
1.55555
1.38232
1.26543
1.24297
1.23967
1.35143
1.162
1.11847
1.19742
1.46087
1.86956
1.24035
1.21926
1.11645
1.12048
1.31706
1.41892
1.55531
1.49749
1.12195
1.51618
1.34789
1.11663
1.65603
1.17035
1.87994
1.17098
1.16476
1.65544
1.24166
1.32436
1.29739
1.52536
1.90311
1.42206
1.88823
1.92456
1.11706
1.30349
1.11373
1.77661
1.14419
1.19338
1.14293
2.28997
1.84836
1.31161
1.11695
1.11091
1.2461
1.69261
1.20172
1.1421
1.19477
1.25373
1.09594
1.08311
1.2988
1.27607
1.47175
1.48842
1.48836
1.27505
1.26771
1.11368
1.31408
1.23797
1.21093
1.11613
1.39759
1.11966
1.15098
2.07478
1.14506
1.91035
1.22393
1.15825
1.17791
1.98964
1.20889
1.33499
1.3349
1.11635
1.71664
1.255
1.13121
1.55431
1.11706
1.12503
2.09915
1.11375
2.04551
1.2485
1.26937
1.3371
1.48225
1.09506
1.40459
1.59788
1.33173
2.35349
2.32695
1.18955
1.70338
1.75993
1.13169
1.30021
1.11749
1.46564
1.31026
2.01464
1.15146
1.40173
1.60385
1.11403
1.28384
2.09857
1.57874
1.09245
1.09814
1.16161
1.75763
1.11782
1.41332
1.09119
1.37462
1.23727
1.44498
1.10766
1.09759
1.15304
1.12952
1.6198
1.25443
1.14959
1.4839
1.1166
1.11712
1.1857
1.12781
1.15723
1.11318
1.15308
1.50383
1.6321
1.34824
1.34526
1.1169
1.11202
1.09477
1.11782
1.10382
1.11474
1.20847
1.33127
1.40458
1.67884
1.4761
1.15573
1.22481
1.12324
1.12208
1.11835
1.07914
1.43225
1.11241
6.22895
