1.18461
1.21478
1.11411
1.21005
1.38758
1.73921
2.01997
1.11809
1.3813
1.29113
1.25758
1.2089
1.25554
1.41726
1.38505
1.36719
1.36529
1.5545
1.16289
1.36617
1.34463
1.25553
1.65161
1.42871
1.2642
1.3331
1.35845
1.65139
1.56106
1.58419
1.28006
1.4658
1.65897
1.5088
1.49943
1.20117
1.25808
1.39748
1.11687
1.63634
1.12603
1.5557
1.14661
1.11249
1.12966
1.1855
1.56396
1.42184
1.5162
1.24456
1.27884
1.26077
1.47319
1.25941
1.48519
1.36651
1.12857
1.65843
1.12143
1.32487
1.27755
1.17194
1.14363
1.23223
1.17655
1.15066
1.32275
2.26803
1.12712
2.34023
1.14306
1.32146
1.25103
1.48364
1.65168
1.13729
1.10854
1.19813
1.27712
1.1087
1.14111
1.75975
1.20856
1.4716
1.19695
1.56246
1.36566
1.11416
1.13998
1.12711
1.36085
2.1286
1.16457
1.21009
1.6604
1.11694
1.11573
1.18999
1.11567
1.15519
1.1085
1.18153
1.57473
1.12033
1.24222
1.36485
1.81281
1.25096
1.68419
1.17347
1.09965
1.45186
1.08563
1.07824
1.14479
1.12507
1.5518
1.54931
1.51666
1.29509
1.22956
1.76138
1.84565
1.20797
1.12676
1.42197
1.51142
1.47803
1.51514
1.47417
1.66764
1.71459
1.13691
1.34056
1.58632
1.13497
1.30397
1.47844
1.67539
1.61936
1.59446
1.2198
1.13135
1.5208
2.26503
1.92517
1.14067
2.29517
1.27364
1.09782
1.12407
1.85348
1.82482
1.43575
1.68887
1.42938
1.2826
1.30474
1.38706
1.11596
1.11627
1.09049
1.60537
1.72489
1.18602
1.21965
1.09722
1.22965
1.37182
1.08728
1.76289
1.75721
1.38442
1.16894
1.53912
1.23133
1.09967
1.11401
1.189
1.08225
1.31145
1.31005
1.10219
1.1126
1.52028
1.23828
1.11285
1.10898
1.10923
1.11032
1.24353
1.11419
1.29514
1.49782
1.11281
1.19456
1.09022
1.37453
1.16476
1.23156
1.27133
1.27249
1.10114
1.21071
1.09584
1.27102
1.32621
1.09965
1.10364
1.96683
1.33029
1.22238
1.33042
1.14674
1.1728
1.15228
1.09694
1.37314
1.98568
1.48796
1.59455
1.14992
1.10717
1.50742
1.48666
2.20704
1.15043
1.13198
1.27281
1.37486
1.14378
1.12082
1.46878
1.65787
1.42686
1.08366
1.61343
1.59378
1.37181
1.14243
1.38096
1.27578
1.19621
1.12993
1.1329
1.86679
1.45495
1.31979
1.14413
1.75226
1.15055
1.19469
1.47637
1.24276
1.13712
1.10825
1.41805
1.64297
1.11371
1.11692
1.08897
1.15127
1.098
1.10665
2.19484
1.71657
1.39861
1.25111
1.67492
1.38645
1.14976
1.08755
1.08685
1.36207
1.4777
1.46446
1.11719
1.88928
1.22905
1.24702
1.7316
1.33713
1.15679
1.68929
1.37721
1.35988
1.47252
1.28407
1.3876
1.26922
1.2333
1.12257
1.41896
1.08557
1.66789
1.32787
1.29362
1.09326
3.02863
2.05846
1.40178
1.28717
1.53025
1.10133
1.09277
1.10099
1.18585
1.12688
1.46474
1.66756
1.29513
2.64783
1.32325
1.51884
1.11401
1.29747
1.1644
1.94507
1.33318
1.39164
1.61251
1.82779
1.70385
1.38835
1.53653
1.19589
1.71184
1.54332
1.50232
1.09325
1.23406
1.41719
1.11497
1.32926
1.11419
1.68078
1.52773
1.27666
1.14056
1.11404
1.10078
1.19634
1.17249
1.32915
1.11511
1.22109
1.25093
1.14411
1.15321
1.75586
2.34271
1.30765
1.14086
1.19223
1.20289
1.59922
1.09499
1.10466
2.03177
1.31013
1.30142
1.23965
1.7321
1.4591
1.53974
1.5457
1.38222
1.27069
1.43371
1.72585
1.27268
1.82987
1.37837
1.46542
1.30381
1.10835
1.407
2.21523
1.1009
1.39288
1.24452
1.17126
1.11536
1.33663
1.24922
1.34407
1.49607
3.2336
1.71613
1.46274
1.13952
1.24622
1.65091
1.30968
1.17304
1.25576
1.35589
1.12918
1.5367
1.59915
1.51098
1.18101
1.11176
1.62871
1.6439
1.23244
1.20865
1.50381
1.61985
1.29541
1.21337
1.53676
1.39153
1.70992
1.5495
2.0928
1.11541
1.13063
1.37051
1.39014
1.11624
1.2243
1.15961
1.15968
1.26793
1.46319
1.48918
1.41045
1.32581
1.10396
1.14587
1.09971
1.12927
1.13112
1.41173
1.45886
1.13659
1.17489
1.56883
1.19692
1.19378
1.33473
1.42518
1.11958
2.00922
1.0876
1.11288
1.67885
2.28852
1.89139
1.11496
1.14027
1.1842
1.1845
1.11724
1.1546
1.11571
1.22217
1.21879
1.6181
1.19595
1.12514
1.2049
1.12736
1.21513
1.29632
1.16458
1.13018
1.14742
2.12961
2.05382
1.4364
1.16098
1.37225
1.46708
1.60012
2.1014
1.18746
1.19279
1.51167
1.83441
1.65082
1.43504
1.17217
1.11635
1.47881
1.23846
1.13157
1.79592
1.1293
1.12788
1.11971
1.0811
1.20084
2.07613
1.2106
1.20346
1.28325
1.26985
1.16162
1.12258
1.1045
1.49358
1.27961
1.08958
1.20867
1.08651
1.15449
1.33362
1.12326
1.23547
1.82871
1.61235
1.88478
2.15045
1.26241
1.47528
1.81973
1.14316
1.10646
1.21758
1.25393
1.47788
2.15195
1.69487
1.54138
1.61276
1.72027
1.20198
1.13274
1.6242
1.99348
1.19623
1.17712
1.61818
1.34968
1.19412
1.19334
1.12792
1.18098
1.43393
1.27786
1.1242
1.13011
1.09682
1.13738
1.0789
1.11154
1.15969
1.34863
1.12034
1.24111
1.09896
1.47241
1.28537
1.26483
2.02153
1.22422
1.18048
1.1049
1.11291
1.18769
1.12331
1.10873
1.11717
2.14628
1.46863
2.40419
1.21938
1.56231
1.15852
2.01745
1.82236
1.44899
2.39365
1.58692
1.70434
1.19117
1.11013
1.11878
1.88536
2.40731
1.29404
1.56961
1.37437
1.38617
1.31245
1.57203
1.15172
2.85007
1.33229
1.28345
2.10365
1.76751
1.40714
1.11671
1.11594
1.15451
1.1243
1.13596
1.1636
1.09081
1.59054
1.46552
1.43307
1.43182
1.65817
1.75235
1.17437
1.10415
1.09922
1.28578
2.26608
1.16228
1.247
1.26156
1.37288
1.41867
1.11511
1.28806
1.23612
1.19847
1.1509
1.39243
2.43454
1.11625
1.13908
1.12329
1.19709
1.11841
1.09782
1.12606
1.37932
1.59393
1.33622
1.45506
1.29621
1.38991
1.10678
1.48137
1.15072
1.70457
1.57839
1.47817
1.83779
1.44849
1.67476
1.14554
1.12735
1.10706
1.98848
1.69885
1.12714
1.16417
1.55393
1.13785
1.32333
1.08026
1.11723
1.177
1.53277
1.14809
1.11525
1.4439
1.17952
1.08682
1.12596
1.23825
1.13039
1.11817
1.20475
1.14485
1.4654
1.1486
1.1751
1.32082
1.19497
1.23964
1.20378
1.75098
1.19343
1.51543
1.35094
1.21446
1.54434
1.37474
1.15822
1.1115
1.38794
1.12279
1.66831
1.38578
1.15581
1.12126
1.39336
1.31571
1.11728
1.62494
1.49188
1.10753
1.22113
1.19812
1.198
1.51157
1.33277
1.21653
1.27204
1.61481
1.3718
1.32658
1.63088
1.43647
1.41519
1.95798
1.51177
1.67002
1.68405
1.26656
1.39617
1.28874
1.38443
2.08589
1.30835
1.13774
1.55514
1.17239
1.2442
1.12158
1.11641
1.32303
1.39267
1.1631
1.32679
1.72072
1.29407
1.17464
1.09055
1.0991
1.29851
1.844
1.21925
1.97745
1.12646
1.1067
1.43948
1.2788
1.80673
1.98138
1.20738
1.20381
1.39529
2.91697
1.48266
1.32573
2.05228
1.44709
1.54124
1.51059
2.19582
1.50791
1.9034
1.42766
1.76741
4.33087
1.15835
2.11267
1.12231
1.46915
2.45686
1.47887
1.34636
1.80898
1.28784
1.91056
2.09746
1.3116
1.28907
1.11212
1.21343
1.19382
1.52281
1.36646
1.20647
1.78478
1.73063
1.13665
2.32754
1.21953
1.45026
1.44287
1.10751
1.83359
1.64877
1.15284
1.21427
1.38262
1.30061
1.4468
1.4931
1.31067
1.32345
1.56754
1.36887
1.52562
2.10432
1.1237
1.23206
1.6696
2.05523
1.87531
1.65658
1.16633
1.46008
1.97428
1.74074
1.91852
1.19974
1.2624
1.1107
1.09052
1.14098
1.10893
1.21977
1.22792
1.35588
1.72262
1.42172
1.22301
1.18738
1.19776
1.46634
1.41276
1.54552
1.38199
1.37557
2.91556
1.57803
1.63025
1.11339
1.20671
1.11642
1.12865
1.30195
1.38843
1.20658
1.16874
1.18192
1.17403
1.15583
1.45029
1.6453
1.11165
1.19948
1.24059
1.25578
1.82094
1.186
1.08962
1.37919
1.19564
1.33579
1.52753
1.30106
1.21874
1.11956
1.38562
1.2708
1.24542
1.23074
1.43814
1.73199
1.43477
1.2437
1.68615
1.1981
1.90937
1.58315
1.2556
1.4071
1.48145
1.22891
1.11633
1.14623
1.71539
1.73948
1.12364
1.59387
1.31538
1.3345
1.1582
1.32038
1.16963
1.66998
1.37036
1.39821
1.11419
1.22935
1.93108
1.20117
1.24681
1.17667
1.11975
1.10612
1.10926
1.2919
1.71202
1.75256
1.34754
1.23504
1.84929
1.16247
1.20036
1.80365
1.77424
1.9368
1.80632
1.5906
1.53911
1.73072
1.96489
1.24867
1.97076
1.35873
1.20955
1.15501
1.13809
1.11313
1.11648
1.5571
1.39987
1.90386
1.57854
1.163
1.50616
1.64208
1.10942
1.1947
1.25416
1.20722
1.12778
1.16813
1.54611
1.59779
1.10253
1.32275
1.19588
1.64604
1.52497
1.1603
1.74705
1.12547
1.99498
1.98808
1.12457
1.23566
1.17217
1.11614
1.11479
1.11813
1.43342
1.22519
1.14685
1.29869
1.12456
2.22785
1.17704
1.67539
1.19925
1.33516
1.08508
1.1338
1.11205
1.3161
1.3612
1.25229
1.44231
1.18457
1.83211
1.97904
1.09598
1.29615
1.23564
1.11557
1.19139
1.115
1.1567
1.17663
1.29004
2.91177
1.6994
1.24111
1.20234
1.26367
1.10953
1.47942
1.16087
1.14486
1.08936
1.94401
1.25173
1.11557
1.6392
1.17542
2.71934
1.41347
1.34575
1.44664
1.28517
1.20689
1.72368
1.23217
1.11937
1.10405
1.22928
1.58132
1.11751
1.32497
1.11147
1.2445
1.3042
1.31622
1.13794
1.1316
1.58131
1.08472
1.09616
1.09536
1.69211
1.46462
1.42672
1.27284
1.2571
1.71466
1.10747
1.42112
1.3178
1.24505
1.3179
1.33339
1.47705
1.17918
1.78872
1.15324
1.61603
1.43116
1.76522
1.19467
1.20054
2.0721
1.8409
1.32022
1.93405
1.27078
2.06473
1.54966
2.0549
1.13592
1.20499
1.11307
1.17055
1.18647
1.11635
1.22157
1.26083
1.08985
1.11668
1.33603
1.28335
1.455
1.38343
1.08383
1.10244
1.10024
1.14349
1.248
1.41454
1.18204
1.68616
1.42915
1.22868
1.91123
1.43852
1.92827
1.14164
1.84352
1.39739
1.36833
1.41507
1.38395
1.39025
1.28976
1.47983
1.56628
1.42432
1.15945
1.78753
1.87299
2.23778
1.29086
1.36565
1.77344
1.29579
1.11821
1.11755
1.30325
1.11274
1.08221
1.12683
1.1382
1.15687
1.57911
1.12839
1.16827
1.22113
1.4951
1.18745
1.31688
1.15047
1.17261
1.16797
1.32942
1.17029
1.35015
1.16615
1.77712
1.4203
1.08713
1.23713
1.22242
1.32385
1.42076
1.24919
1.09905
1.20253
1.17685
1.36887
1.17228
1.56279
1.60401
1.27474
1.92871
1.11523
1.38522
1.10394
1.57119
1.75919
1.44407
1.60227
1.29557
1.32597
1.11711
1.50762
1.11213
1.64913
1.23007
1.55325
1.41386
1.4227
1.58197
1.33312
1.59037
1.57624
1.14924
1.1411
1.11733
1.11646
1.12578
1.08241
1.1159
1.13141
1.57061
1.11537
1.0995
1.35339
2.59163
1.68949
1.39432
1.30527
1.55349
1.86859
1.98619
1.84399
1.27195
2.27847
1.22469
1.8962
1.19562
1.36334
2.10781
1.51063
1.17122
1.22347
1.97232
1.58135
1.09251
1.1682
1.23713
1.22318
1.1293
1.27296
1.34199
1.42976
1.26373
2.04329
2.49699
1.5444
1.10608
2.22464
1.84859
2.45678
1.68539
1.50033
2.07521
2.61297
2.03198
1.62733
1.23635
1.08204
1.11478
1.08023
1.08811
1.18926
1.45123
1.61843
1.40416
1.11686
1.12831
1.15705
1.3828
1.23623
1.1515
1.08569
1.48015
1.27372
1.11858
1.20379
1.11577
1.67595
1.57784
1.16639
1.52519
2.36552
1.12017
1.08062
1.148
1.11975
1.80873
1.50334
1.11427
1.11653
1.35957
1.39861
1.14395
1.10866
1.20199
1.27413
1.10106
1.40889
1.68629
1.50672
1.94352
1.439
1.61756
1.37359
1.41661
1.19449
1.41261
1.47627
2.19191
1.66155
1.57038
1.11702
1.64689
2.26704
1.1711
1.09595
1.12368
1.25889
1.24188
1.16296
1.48598
1.27751
1.10639
1.58506
1.57045
1.15377
1.59762
1.2802
1.10736
1.30782
1.75667
1.13266
1.35728
1.25722
1.2388
1.15427
1.12508
1.11479
1.13134
1.10035
2.15554
1.35787
1.10315
1.14528
1.22661
1.23417
1.15419
1.08182
1.18485
1.13527
1.61133
1.55546
1.17227
1.15345
1.27754
1.2848
1.23864
1.51847
1.24386
1.14022
1.14758
1.09663
1.11107
1.19152
1.39396
1.09676
2.13647
1.88866
1.36339
1.35448
1.33168
1.19586
1.16205
1.09925
1.76684
1.9099
1.17769
1.2261
1.13039
2.46708
1.21241
1.0855
1.45771
1.35297
1.41104
2.29133
1.12158
1.26909
1.59539
1.26595
1.37821
1.40935
1.636
1.25185
1.6598
1.28789
1.23938
1.25054
1.27035
1.22153
1.42757
1.11869
1.16562
1.27251
2.04444
1.14329
1.64991
1.28476
1.20943
1.32371
1.59201
1.60323
1.90863
2.03871
1.82287
1.59613
1.71746
1.35575
1.18454
1.31165
1.12155
1.11467
1.11605
1.33326
1.08673
1.49653
1.62981
1.98438
1.12502
1.29857
1.34994
1.11632
1.12951
1.24799
1.28229
1.46182
1.15655
1.18308
1.50696
1.51462
2.12253
1.47296
1.41117
1.32327
1.34439
1.73732
1.34115
1.79161
1.35094
1.23869
1.10126
1.16273
1.14664
1.1701
1.37021
1.44625
1.13671
1.63856
1.31875
1.2395
1.36965
2.93227
1.61975
1.39141
1.65646
1.59886
1.2016
1.15756
1.31821
1.16367
1.81238
1.27603
1.27628
1.7008
1.27775
1.41382
1.68772
1.2522
1.58843
1.72173
1.30901
1.61187
1.42088
1.43043
1.10727
1.0949
1.34297
1.83292
1.16251
1.09704
1.18548
1.15943
1.16422
1.33303
1.09069
1.21983
1.53047
1.24509
1.27247
1.1153
1.59177
1.10655
1.10848
1.24442
1.34518
1.13522
1.37223
1.1732
1.16925
1.29842
1.11819
1.23406
1.18858
2.30707
1.12315
1.10929
1.15519
1.14808
2.43298
1.21446
1.12022
1.3048
1.15136
1.25494
1.47094
1.2283
1.27984
1.85038
2.07841
1.15173
1.10622
1.15626
1.56841
1.76725
1.24298
2.21804
1.7331
1.15329
1.98647
2.37968
1.32341
1.11714
1.09818
1.14225
1.19195
1.36346
1.12875
1.23516
1.11476
1.1352
1.44865
1.24378
1.13367
1.18402
1.1842
1.1571
1.27891
1.13179
1.16845
1.16619
1.25683
1.13527
1.36049
1.20737
1.73652
1.40641
1.28997
1.09435
1.13272
1.38954
1.35216
1.26253
1.12036
1.10171
1.17112
1.18101
1.18878
1.45113
1.70151
1.76204
1.22321
1.08177
1.43251
1.50846
1.16198
1.11171
1.11525
1.09417
1.20113
1.11857
1.14398
1.1901
1.12607
1.17531
1.1199
1.76442
1.13163
1.1748
1.30926
1.27229
1.83332
1.33955
1.164
1.14091
1.24288
1.19357
1.12412
1.47752
1.108
1.93632
1.61294
1.46265
1.28325
1.13404
1.84044
1.5337
1.10032
1.66344
1.90619
1.25707
1.73639
1.49386
1.34428
1.14017
1.71037
1.11171
1.31314
1.15171
1.08707
1.22845
1.13622
1.08545
1.39632
1.11316
1.14239
1.2227
1.14006
1.11989
1.57021
1.13667
1.13843
1.09504
1.0973
1.12962
1.17699
1.1285
1.53031
1.38168
1.68251
1.20883
1.5427
1.44602
1.34427
1.31802
1.14313
1.31739
1.2723
2.36649
1.22798
1.83288
1.17939
1.21612
1.12074
1.38115
1.09808
1.12359
1.09711
1.11855
1.08495
1.59529
1.19916
1.47725
1.13363
1.30916
1.1608
1.18176
2.55561
1.8027
1.36106
1.15053
1.10147
1.2241
1.41892
1.63571
1.1147
1.70493
2.96414
1.14111
1.18556
1.3619
1.1815
1.27604
1.46122
1.69313
1.58959
1.19023
1.85465
1.77605
1.11553
1.66539
1.44369
1.31635
1.11641
1.41942
1.33896
1.81764
1.35924
1.35149
1.35208
1.16373
1.90264
2.06271
2.60537
1.40005
1.40253
1.43228
1.61487
1.11415
2.25013
2.75744
3.03416
1.41139
1.28798
1.64557
2.24805
1.82426
2.25307
1.2178
1.09118
1.37481
1.12204
1.39727
1.1227
1.51419
1.15461
1.11326
1.26962
1.11338
1.11927
1.36094
1.89896
1.20042
1.17489
1.3021
1.20512
1.67173
1.27764
1.19477
1.23117
1.08274
1.29728
1.0903
1.10005
1.14573
1.80994
1.30989
1.39564
1.32073
1.16908
1.25212
1.13106
1.17638
1.20378
1.60003
1.50698
1.23386
1.29175
1.32716
1.11401
1.93698
1.26723
1.13521
1.11448
1.23252
1.14902
1.12406
1.08137
1.10944
1.26971
1.11654
1.18723
1.47219
1.26801
2.17648
1.45919
1.12232
1.29867
2.13722
1.12162
1.1526
1.23269
2.66281
1.12017
2.09299
2.49958
1.46441
2.66705
1.20617
1.55852
1.43518
1.21943
1.11563
1.26507
1.28608
1.31701
1.27939
2.09645
1.44599
1.18291
1.50676
1.56032
1.32505
1.24091
1.10927
1.1155
1.1837
1.1242
1.44859
1.10869
1.49733
1.30834
1.49847
1.1977
1.3617
1.20716
1.44218
1.28397
1.44122
1.8017
1.23151
1.37324
1.13411
1.61477
1.74729
1.30829
1.54627
1.34354
1.14992
1.39943
1.29274
1.40629
1.48416
1.56371
1.39985
1.90823
1.89632
1.14077
1.1253
1.59736
1.13304
1.15559
1.23298
1.17131
1.42519
1.46586
1.1176
1.11807
1.22365
1.10233
1.07898
1.15058
1.1175
1.14856
1.13176
1.42298
1.11744
1.14476
1.17172
1.33338
1.10152
1.28109
1.0926
1.27271
1.75763
1.80429
1.22237
1.67877
1.10542
1.94673
1.70885
1.2313
1.7373
1.12043
1.61688
1.38547
1.19753
2.0086
1.36173
1.70323
1.12715
1.95644
1.81285
2.05907
1.11281
1.74568
1.13369
1.07885
1.17623
1.66476
1.30967
1.17744
1.11506
1.15934
1.4166
1.11458
1.64314
1.09443
1.30176
1.75534
1.10958
1.18446
1.22129
1.09697
1.13145
1.17488
1.30242
1.29853
2.1403
1.2417
1.17887
1.3328
1.11338
1.61833
1.35557
1.52301
1.5608
1.08105
1.43917
1.10145
1.17454
1.65167
1.11805
1.08456
1.0838
1.2166
1.2661
1.59934
1.25209
1.11303
1.23795
1.2488
1.43346
1.1822
1.29413
1.09776
2.0002
1.22341
1.25818
1.26855
1.24037
1.29618
1.28018
1.31538
1.64669
2.18967
1.18115
1.1043
1.25387
1.46824
1.57769
1.13135
1.99248
1.19954
1.11805
1.1327
1.12012
1.15271
1.28019
1.3603
1.92587
1.28677
1.14241
1.08768
1.16247
1.29329
1.2887
1.12437
1.43099
1.12679
1.52612
1.26645
1.23822
1.191
1.23158
1.35463
1.26323
1.26138
1.19455
1.13395
1.11773
1.25033
1.20179
1.14108
1.47174
1.73958
1.2979
1.96726
1.77314
1.1724
1.78831
1.18682
1.80802
1.32193
1.34529
1.11137
1.27739
1.31999
1.11528
1.64555
1.11452
1.6997
1.63053
1.09156
1.4554
1.35722
1.42853
1.15059
1.13362
1.58503
1.17821
1.36159
1.09236
1.6642
1.25295
1.15456
1.4608
1.64397
1.4248
1.83822
1.26481
1.8212
1.46025
1.49939
1.17682
1.11616
1.20054
1.09025
1.15869
1.40998
1.54174
1.08497
1.11507
1.15245
1.11649
1.21463
1.18267
1.31242
1.69039
2.30441
1.0879
2.70828
1.20671
1.11446
1.12393
1.12042
1.2158
1.26784
1.36864
1.20162
1.2533
1.28732
1.26465
1.40338
1.26371
1.11234
3.16424
1.82484
1.19934
1.52923
1.18196
1.62573
1.49836
1.28599
2.94751
2.0165
1.67564
1.85165
2.23771
1.11625
1.21227
1.19384
1.26657
1.08681
1.1326
1.13779
1.2601
1.23747
1.37233
1.21173
1.09726
1.23547
1.22534
1.39574
1.10412
3.72068
1.54531
1.08627
1.60648
1.45736
1.46615
1.26814
1.31272
2.15588
1.84766
1.18977
1.2827
1.21593
2.12068
3.52685
1.84254
1.13098
1.47647
1.22076
2.40284
1.19423
1.24097
1.27028
1.21337
1.17994
1.15087
1.29471
1.52239
1.81366
1.6961
2.98485
1.68442
1.28228
1.4363
1.16705
2.21405
1.28935
1.23779
1.15945
1.40477
1.90767
1.41169
1.45713
1.28998
1.23367
1.24936
1.73123
1.16309
1.93123
1.30464
1.13841
1.27061
1.11263
1.09624
1.1968
1.12591
1.33707
1.94264
1.25963
1.24778
1.10973
1.11476
1.08164
1.10728
1.69174
1.11071
1.127
1.10934
1.52989
1.24033
1.65656
1.97856
1.17638
1.11588
1.50489
1.12502
1.24916
1.92795
1.64885
1.1967
1.10321
1.18639
1.27149
1.20024
1.47201
1.15127
1.15226
1.16272
1.79174
1.64847
1.39002
1.35002
1.69118
1.20387
1.71229
1.26491
1.20518
1.317
1.19648
1.24095
1.15862
1.43109
1.57515
1.46704
1.11284
1.6182
1.87748
1.13006
1.33052
1.1736
1.10427
1.11439
1.2308
1.21566
1.13018
1.11414
1.11705
1.16537
1.49365
1.32205
1.11449
1.42068
1.09285
1.11172
1.3454
1.08214
1.4964
1.11105
1.27741
1.0965
1.09214
1.43133
2.36813
1.09721
1.74843
1.12385
1.11225
2.03973
1.13203
2.01756
1.2872
1.11817
1.15976
1.44115
1.09747
1.34475
1.29812
1.57882
1.17795
1.26285
2.47717
1.681
1.87698
1.48056
1.4089
1.32743
1.13934
1.82744
1.45618
1.15667
1.54761
1.20598
1.08689
1.32089
1.39113
1.12271
1.29892
1.28318
1.15152
1.28169
1.64674
1.30446
1.13308
1.16519
1.46221
1.2993
1.28563
1.11906
1.09951
1.24171
1.27788
1.51315
1.10561
1.18169
1.25705
1.53033
1.11425
1.13179
1.92265
1.28479
1.58735
1.34987
1.36283
1.27103
1.23177
1.64577
1.08915
1.1341
1.08565
1.26271
1.11638
1.20983
1.08327
1.35352
1.10903
1.31036
1.27483
1.17459
1.12601
1.08135
1.67097
1.08647
1.84449
1.62737
1.37534
1.28778
1.32919
1.78777
1.22173
1.33747
1.14688
1.3031
1.11235
1.08729
1.08313
1.10786
1.31101
1.19133
1.69154
1.87449
1.35962
1.14707
1.12388
1.10006
1.4334
2.31058
1.25271
1.10369
1.27372
1.44502
1.23492
1.50776
1.58652
2.15063
1.41712
1.7715
2.17606
1.20875
1.20238
1.75767
1.30959
1.11593
1.2109
1.15034
1.20656
1.39095
1.21865
1.85005
1.80175
1.89126
1.56351
1.15649
1.46046
1.10236
1.46322
1.46315
1.91475
1.23043
1.5009
1.3949
1.84427
1.50818
1.11519
1.37408
1.25257
1.20274
1.12012
1.11614
1.57819
1.51945
1.30415
1.39669
1.74936
1.27816
1.2663
1.26894
1.17399
1.12564
1.34151
1.53393
1.39905
2.06202
1.18543
1.11556
1.08169
1.49342
1.4901
1.18483
1.12233
1.3815
1.13249
1.16655
1.31362
1.59848
2.20455
1.32997
1.19615
1.12615
1.30414
1.15446
1.82361
1.13952
1.16465
1.11303
2.23803
1.81869
1.24934
1.17104
1.16425
1.23637
1.48938
2.46183
2.21127
1.97742
2.05621
1.48232
1.47426
1.46971
2.11101
1.48352
1.42782
1.41324
1.1412
1.33062
1.46558
1.4601
1.12309
1.11835
1.43905
1.7767
1.24775
1.15088
1.24991
1.56286
1.44523
1.10849
1.28086
1.1981
1.35322
1.20728
1.57954
1.11521
1.67815
1.61774
1.52132
1.11563
1.45583
1.45686
1.11432
1.32343
1.0874
1.08255
1.16316
1.64394
1.11206
1.49014
1.31351
1.14537
1.69851
1.634
2.37484
1.18479
1.09624
1.19319
1.42338
2.21033
2.20339
1.96254
1.14537
1.21572
1.52447
2.32439
1.19945
1.15984
1.14358
1.715
1.27403
1.1998
2.47924
1.17899
1.24035
1.15864
1.10503
2.87928
1.67585
1.28189
1.32993
1.70813
1.50293
1.23008
1.35272
1.31862
1.1577
1.2527
2.41395
2.70895
2.46838
1.23666
1.34518
1.91768
1.25994
1.21375
1.44279
1.57783
1.28826
1.16387
1.23084
1.12094
1.16095
1.15295
1.19062
1.3784
1.09046
1.14584
1.0805
1.3982
1.15663
1.21432
1.42269
1.20878
1.69856
1.10317
1.09403
1.16596
1.26563
2.0562
1.20253
1.79621
1.41742
2.14265
1.09685
1.81447
1.13665
1.25115
1.12537
1.18708
1.6302
1.11778
1.21105
1.28977
1.11426
1.35425
1.34439
1.15196
1.11341
1.21092
1.20989
1.26031
2.15972
1.25525
1.1359
1.09544
1.17327
1.15421
1.42685
2.32053
1.52779
1.31071
2.42626
2.07081
2.3611
1.55614
1.42106
1.18391
1.22798
1.13859
1.13096
1.11584
1.35779
1.29838
1.2502
1.11702
1.41519
1.09611
2.59218
1.20289
1.14876
1.27946
1.28098
1.24543
1.42258
1.46524
1.11963
1.10823
1.09953
1.31049
1.33339
1.33996
1.1289
1.52434
1.15068
1.12728
1.10447
1.21187
1.21519
1.5659
1.09521
1.70226
1.23117
1.40039
1.20882
1.37246
1.72328
1.79835
1.51245
1.47692
1.31472
1.11888
1.2221
1.40395
1.11861
1.11906
1.17654
1.17633
1.12208
1.20061
1.14649
1.53084
1.11444
1.12796
1.09492
1.38269
1.40259
1.09596
1.11532
1.62826
1.15609
1.18004
1.14807
1.32519
1.14425
1.12664
1.34566
1.30041
1.11741
1.41131
1.1885
1.57652
1.35684
2.01428
1.3552
1.37164
1.40485
1.3464
1.79379
1.19141
1.14502
1.12681
1.11077
1.46285
1.32032
1.56713
1.24499
1.57922
1.67758
1.16389
1.31131
1.20277
1.56363
1.62966
1.42986
2.0019
1.36271
1.20036
1.23109
1.98055
1.40126
1.15193
1.23022
1.08258
1.11071
1.12498
1.28967
1.13153
1.079
1.27636
1.44059
1.09978
1.12342
1.37221
1.22898
1.61767
1.18088
1.17014
1.19422
1.07802
1.18533
1.46759
1.18513
1.21778
1.38302
1.13058
1.1007
1.08786
1.15385
1.63522
1.10961
1.17823
1.33423
1.76885
1.52869
1.29466
1.20456
1.14265
1.15529
1.44417
1.63886
1.31967
1.34091
1.29971
1.77426
1.60828
2.08849
2.02015
1.86054
1.13831
3.12715
1.76233
1.98348
1.25793
2.4063
1.11288
1.24986
1.11813
1.50488
1.17291
1.10821
1.32257
1.22167
1.41246
1.36477
1.20409
1.18101
1.70922
1.49997
1.17272
1.09438
1.20846
1.73247
1.43524
2.13361
1.92692
1.30808
1.35056
1.27757
2.01392
1.23145
1.11857
1.83192
1.27119
1.59216
1.08434
1.3056
1.35251
1.14969
1.11586
1.44535
1.39221
1.87824
1.36881
2.05441
1.1144
1.2677
1.11822
1.23585
1.49459
1.13374
1.61966
1.68998
1.15214
1.15592
1.21989
1.30296
1.37131
1.73237
1.35759
1.77754
1.1346
1.28379
1.50979
1.40207
1.16071
1.31616
1.60987
1.18663
1.66908
1.58046
1.47851
1.68174
1.39294
1.11448
1.30746
1.27916
1.10222
1.13012
1.11524
1.63829
1.19157
1.86849
1.8536
1.94827
1.83539
1.71633
1.81102
1.6157
1.14023
1.1158
1.45556
1.44025
1.4568
1.35345
1.22121
1.18967
1.32665
1.11867
1.17138
1.18705
1.36597
1.23394
1.49549
1.49624
1.42685
1.56657
1.72681
1.6077
1.20611
1.1904
1.0897
1.11348
1.19743
1.1937
1.71882
1.22981
1.21476
1.24145
1.24987
1.14912
1.09931
1.28153
1.35149
1.24192
1.53406
1.15593
1.61152
1.58899
1.20597
1.14594
1.11151
1.53843
2.13432
1.14733
1.13979
1.1189
1.1047
1.11543
1.11231
1.27944
1.49001
1.37568
1.11459
1.11169
1.7953
1.30188
1.80586
1.1704
1.29202
1.30059
1.10867
1.49206
1.16384
1.53304
1.17255
1.16186
1.3278
1.90857
1.63569
1.32828
1.11948
1.51126
2.1209
1.26646
1.45929
1.31585
2.03297
1.26676
1.1249
2.17906
2.26145
1.30913
1.42566
1.22894
1.11414
1.10749
1.42843
1.25917
1.13335
1.21133
1.41999
1.1395
1.5447
1.09247
1.25521
1.11516
1.20354
1.39737
1.11393
1.13997
1.10311
1.20167
1.39538
1.17517
1.14739
1.21381
1.16698
1.09739
1.11718
1.70986
1.85241
1.30493
1.88276
1.68694
1.38799
1.28317
1.79964
1.30878
1.1319
1.14791
1.37262
1.12967
1.65684
1.58644
1.10018
1.21109
1.14009
1.87075
1.14501
1.38707
1.20609
1.88702
1.10778
1.51052
1.8175
1.60825
1.26476
1.15526
1.10945
1.1166
1.45726
1.21491
1.26539
1.20793
1.27768
1.4301
1.24769
1.79006
1.08489
1.15078
1.14679
1.42616
1.37171
1.16343
1.28219
1.20822
2.94188
1.47011
2.26732
1.59508
1.45142
1.41039
1.13628
2.37551
1.41017
2.37987
1.37863
1.76488
1.41823
1.22894
1.12383
1.41585
1.29794
1.1156
1.18946
1.16137
1.24695
1.15414
1.36713
1.93426
1.19081
1.4446
1.11971
1.43067
1.57809
1.31197
1.47723
1.11929
1.55869
1.2605
1.1158
1.15799
1.11381
1.14996
1.56618
1.24176
1.71409
1.50818
1.33219
1.20135
1.19703
1.63743
1.17471
1.44568
1.41447
1.7789
1.10874
1.2897
1.37404
1.27172
1.15251
1.15596
1.75873
1.47462
1.11363
1.09934
1.13509
1.21368
1.66969
1.98918
1.13508
1.13813
1.17038
1.2726
1.20173
1.39431
1.26643
1.24191
1.19919
1.42031
1.27938
1.11456
1.76709
1.42178
1.08393
1.11116
1.17583
1.42267
1.32155
1.33035
1.49112
1.13908
1.10111
1.24115
1.17093
1.30427
1.84086
1.12155
1.45372
1.9738
1.13869
1.82192
1.41923
1.14523
1.30631
1.17555
1.18336
2.03676
1.26341
1.81116
1.16972
1.26159
1.17612
1.86868
2.03484
1.61128
1.27155
1.73179
1.25059
1.32361
1.61211
1.19318
2.47133
2.64215
1.37935
2.27861
1.36418
1.48082
1.67164
2.10518
1.44626
1.60071
2.25054
1.45181
2.23921
2.02381
1.68754
2.21891
1.11735
1.22767
1.12016
1.25617
1.38838
1.46185
1.31867
1.39857
1.11684
1.1177
1.13262
1.11737
1.1283
1.27979
1.39262
1.14684
1.2584
1.2985
1.20727
1.16655
1.25619
1.47685
1.10685
1.25858
1.59094
1.57941
1.14109
1.41249
1.28773
1.45298
1.15686
1.303
1.15307
1.11956
1.18872
1.10612
1.1496
1.08987
1.26238
1.89841
1.13115
1.60698
2.16038
1.19886
1.54782
1.99953
1.22706
1.32214
1.21084
1.39701
1.24224
1.39344
1.35853
1.51102
1.62602
1.7611
1.55484
1.47441
1.13909
1.11791
1.18011
1.15879
1.13117
1.78847
1.91945
1.26987
1.23314
1.14852
1.18252
1.14326
1.12095
1.51424
1.34716
1.13725
1.15527
1.09876
1.2201
2.60756
1.11455
1.1794
1.30804
1.31242
1.22869
1.16872
1.27805
1.46801
1.4493
1.14164
1.11795
2.17518
1.21615
1.46903
1.43281
1.65144
1.15467
1.10046
1.3368
1.1007
1.19922
2.02194
1.26691
1.43891
1.29256
1.34797
1.11678
1.32305
1.10348
1.23053
1.18313
1.29378
1.45936
1.17332
1.51195
1.41706
1.28044
1.47136
1.10978
1.18028
1.80954
2.15263
1.97347
1.4113
1.93754
2.34016
1.49321
2.18284
1.24247
1.35494
1.11072
1.43494
1.64066
1.11728
1.09952
1.22152
1.15265
1.23364
1.20625
1.29931
1.12294
1.24325
1.14345
1.17557
1.15175
1.60296
1.34288
2.92578
3.60101
1.40733
3.19466
1.3557
1.79555
3.07867
1.53139
1.33586
1.22238
1.70192
1.10709
1.10143
1.24197
1.54601
1.09642
1.08254
1.14336
1.22756
1.25697
1.58808
1.10482
1.69966
1.69209
1.20742
2.0334
1.14183
1.11823
1.5418
1.55661
2.36308
1.23943
1.14917
1.39273
1.10389
1.31434
2.08287
1.37411
1.12404
1.14143
1.1538
1.30809
1.27117
1.10656
1.09446
1.60346
1.40343
1.2363
1.69533
1.18498
1.59997
1.43408
1.10494
1.41305
1.18136
1.84427
2.34843
1.17737
1.20545
1.84149
1.34786
2.44422
1.1213
1.11536
1.20178
2.05555
1.96109
2.07602
1.12591
1.14274
1.15098
1.11441
1.50713
1.58179
1.5488
1.11708
1.37261
1.20786
1.31014
1.09839
1.26437
1.59625
1.55452
2.03844
1.33242
1.23581
1.14293
1.18272
1.41192
1.26282
1.61622
1.55517
2.72285
1.12783
1.11447
1.46649
1.14317
1.59843
1.4497
1.96195
2.04649
1.63636
1.15539
1.28455
1.63113
1.26975
1.9852
1.58049
1.18364
1.2625
1.18971
1.11556
1.25002
1.16298
1.12385
1.10015
1.11555
1.29531
1.1492
1.53894
1.26627
1.46546
1.44253
1.17446
1.58691
1.1527
1.16142
1.4193
1.40924
1.11617
1.19488
1.26907
1.14837
1.11458
1.13327
1.23588
1.43572
1.2165
1.9964
1.38563
1.41585
1.27348
1.35151
1.10462
1.61023
1.383
1.30969
1.52069
1.2625
1.14001
2.42617
1.79565
1.14659
1.22931
1.14011
3.40868
1.13493
1.24152
1.19036
1.08268
1.18648
1.35232
1.13814
1.10279
1.09886
1.23484
1.30027
1.29605
1.17085
1.24994
1.19429
1.58775
1.3566
2.22496
1.13643
1.08883
1.39412
1.39751
1.19907
1.56773
1.35644
1.47859
1.43632
1.11575
1.08781
1.10614
1.32979
1.11544
1.21
1.14232
1.60069
1.11758
1.1041
1.33854
1.11335
1.08522
1.3482
1.26696
1.73471
1.29474
1.32352
1.63878
1.18341
1.32064
1.10858
1.45958
1.10919
1.11509
1.27004
1.9439
1.57687
1.67533
1.1281
1.3728
1.36169
1.26518
1.18671
1.87031
1.11437
1.18596
1.11998
1.10343
1.10653
1.25531
1.32217
1.11084
1.27887
1.1216
1.28686
1.25816
1.1216
2.049
1.74094
1.34497
1.36085
1.20558
1.52522
1.16983
1.12633
1.2901
1.67772
1.29112
1.65777
1.14476
1.56986
1.16978
1.10732
1.55509
1.35601
1.31247
1.38118
1.20111
2.2535
1.13363
1.11734
1.11558
1.10875
1.11835
1.36548
1.12589
1.54344
1.14995
1.26717
1.82512
1.35175
2.00573
1.23569
1.11658
1.22888
1.20063
1.2463
1.10866
1.41082
1.37321
1.09952
1.1503
1.12331
2.48171
1.34083
1.14722
1.42818
1.83702
1.66796
1.15185
1.12399
1.21477
2.72574
1.22395
1.14702
2.25369
1.36848
1.38578
1.11682
1.25652
1.17893
1.49329
1.11653
1.74214
1.12276
1.08886
1.09884
1.15562
1.11668
1.52878
1.73104
1.51426
1.18425
1.88931
2.054
1.3131
1.27466
1.13057
1.47238
1.95412
1.14075
2.30713
1.59529
1.33183
1.29834
1.1162
1.24633
1.64958
1.24109
1.13143
1.59103
1.97919
1.65168
2.05249
1.53419
1.99182
1.61275
1.53719
1.40399
1.5957
1.42625
1.59911
1.68749
1.34981
1.1464
1.57412
2.26685
1.67744
1.58033
1.70186
1.11487
1.17363
1.17857
1.11572
1.1467
1.11099
1.75591
1.13931
1.17257
1.35673
1.19626
1.14691
1.38071
1.398
1.40407
1.33115
1.11631
1.11643
1.24215
1.20491
1.15322
1.18173
1.13178
1.48074
1.1272
1.36904
1.13814
1.15644
1.40099
1.38436
1.28078
1.21789
1.4531
1.10456
1.34398
1.83143
1.23981
1.28857
1.63017
1.15394
1.19914
1.31669
1.11803
1.25912
1.93783
1.10657
1.11008
1.23471
1.32068
1.55309
1.2449
1.12398
1.13297
1.49141
1.19599
1.09151
1.22795
1.13352
1.26481
1.17898
1.50957
1.83635
1.36885
1.52878
1.21013
1.16622
1.12803
1.29588
1.0981
1.11638
1.22737
1.17432
1.11616
1.30926
1.37598
1.0974
1.12026
1.84962
1.15762
1.10472
1.12658
1.11161
1.28989
1.30274
1.28289
1.84162
1.24969
1.10775
1.31844
1.69634
1.38639
1.12472
1.16546
1.09588
1.44269
1.08669
1.15691
1.11813
1.1087
1.75977
1.36195
1.24352
1.41439
1.12335
1.2975
1.09228
1.08717
1.08893
1.31572
1.35169
1.39542
1.2437
1.41902
1.27269
1.71161
1.19951
1.49291
1.35671
1.09485
1.40626
1.31513
1.29279
1.53144
1.43163
1.22275
1.24781
1.26405
1.47895
1.10562
1.94858
1.76143
1.73387
1.69695
2.14372
1.44813
1.13573
1.1107
1.10758
1.13105
1.11107
1.34479
1.23948
1.08842
1.11333
1.13837
1.11907
1.19013
1.61433
1.78086
1.11774
1.25359
1.40808
1.15317
1.26127
1.11407
1.12332
1.14142
1.1867
1.21128
1.137
1.72455
1.23436
1.12629
1.89386
1.2979
1.17811
1.14833
1.1075
1.20691
1.26473
1.24301
1.51641
1.36405
1.73452
1.19205
1.11835
1.14497
1.36669
1.79143
1.10483
1.16701
1.52573
1.15406
1.17244
1.10003
1.48704
1.18412
1.22941
1.08392
1.38451
1.73008
1.66736
1.89424
1.86417
1.34921
1.10164
1.37642
1.92057
1.37735
1.88182
1.27352
1.58448
1.0939
1.40938
1.09316
1.19796
1.11686
1.1973
1.11831
1.11109
2.13514
1.57608
1.37495
1.22249
1.10061
1.22637
1.096
1.45335
1.47593
1.09928
1.17558
1.33012
1.71949
1.40846
1.12554
1.20414
1.37332
1.46043
1.27153
1.11693
1.12595
1.11596
1.20543
1.11971
1.24771
1.11352
1.7002
1.74298
1.09076
1.11431
1.75305
1.25336
1.11044
1.15122
1.11685
1.08305
1.15828
1.8524
1.24182
1.79268
1.10497
1.24198
1.51474
1.5638
1.22269
1.17047
1.12222
1.20573
1.60268
1.15172
1.26417
1.80847
1.18991
1.20843
1.11739
1.11622
1.33649
1.71673
1.61577
1.24423
1.12185
1.15484
1.6054
1.87303
1.33057
1.25604
1.11702
1.11544
1.23392
1.2368
1.63648
1.13384
1.2799
1.28464
1.15551
1.53723
1.33789
1.11889
1.09194
1.15945
1.15988
1.38366
1.20386
1.10608
2.09635
1.22195
1.55594
1.10427
1.28476
1.30783
1.7063
1.1352
1.52182
1.12995
1.20999
1.17151
1.4475
1.33039
1.51813
1.11529
1.17715
1.11475
1.34342
1.11807
1.15788
1.0896
1.58747
1.38349
1.23463
1.78929
1.27697
1.18176
1.94382
1.19624
1.14269
1.09472
1.29249
1.49812
1.26024
1.42075
1.13124
1.15535
1.0852
1.31102
1.12227
1.74208
1.58464
1.18103
1.23423
1.76842
2.23127
1.57461
2.35842
1.11147
2.14095
1.67525
1.70016
1.37939
1.22002
1.11475
1.12029
1.18364
1.13077
1.12931
1.61104
1.3217
1.35603
1.64813
1.46368
1.11525
1.35748
1.11623
1.14652
1.11637
1.23418
1.11605
1.2048
1.08732
1.40453
1.18756
1.56229
1.25577
1.11495
1.15231
1.1116
1.51472
1.16925
1.35495
1.39414
1.16322
1.09504
1.28678
1.37886
1.36858
1.31612
1.26922
1.6243
1.6598
1.44886
1.20515
1.11793
1.1174
1.11579
1.11512
1.17033
1.39398
1.40225
1.08304
1.09373
1.81003
1.97496
1.12769
1.22278
1.0962
1.16319
1.20735
1.43981
1.2625
1.66755
1.18364
1.71761
1.30076
2.25822
1.60069
1.37497
1.08526
1.12388
1.14104
1.11647
1.0972
1.09118
1.09968
1.47093
1.15579
1.16332
1.61105
1.66132
1.25061
1.17495
1.1176
1.56539
1.33471
1.19946
1.37084
1.10057
1.23325
1.38145
1.48143
1.81426
1.70823
1.75931
1.38676
1.68597
2.03572
1.53711
1.90625
1.11026
1.69258
1.11655
1.15358
1.25886
1.15843
1.13637
1.44468
1.98836
1.15678
1.29701
1.11584
2.04442
1.14322
1.13989
1.1171
1.82143
1.60161
1.17175
2.72681
2.35723
1.34608
1.16338
1.14317
1.19608
1.23314
1.23799
1.08732
1.22769
1.24346
1.48157
1.20631
1.11285
1.32274
1.10079
1.10998
1.59059
1.16737
1.1335
1.7942
1.13294
1.80805
1.19719
1.19589
1.17024
1.56021
1.42613
1.59082
1.28139
1.1472
1.08678
1.63289
1.11688
1.21942
1.12222
1.11603
1.41052
1.13061
1.45158
1.13992
1.47205
1.27288
1.11264
1.19579
1.35893
1.08821
1.13132
1.14512
1.13447
1.48759
1.11118
1.14131
1.19682
1.0877
1.27165
1.47391
1.08743
1.09778
1.22639
1.10824
1.44358
1.60087
1.11932
1.14943
1.1064
1.45625
1.77244
1.24146
1.43441
1.31961
1.43049
1.29568
1.78311
1.08957
1.27519
1.3035
1.26215
1.12099
1.1502
1.22797
1.23935
1.23799
1.47143
1.18775
1.46056
1.26646
1.21809
1.12527
1.74434
1.59866
1.91651
1.40962
1.69576
1.66251
1.86102
1.59761
1.87642
1.46781
1.5288
1.29335
1.68289
2.09313
1.63352
1.19389
1.21073
1.19823
1.24092
1.08665
1.19224
1.64875
1.43114
1.12683
2.23121
1.6329
1.11827
1.12583
1.19018
2.19694
1.09872
1.58992
1.11467
1.82423
1.21045
1.42359
1.39628
1.15358
1.37815
1.37593
1.28733
1.11668
1.20071
1.44752
1.13737
1.10777
1.27112
1.18428
1.33892
1.48597
1.18814
1.15444
1.18746
1.15044
1.11802
1.13242
1.13055
1.18234
1.391
1.11875
1.17441
1.54745
1.43425
1.23276
1.41847
1.30913
1.21042
2.88437
1.25234
1.42063
2.52949
1.20403
1.19271
1.12252
1.13664
1.38222
1.15178
1.21324
1.40408
1.43901
1.32763
1.27416
1.17689
1.6313
1.13216
1.22369
1.61925
1.26573
1.16687
1.22836
1.12898
1.22118
1.7521
1.11413
1.11837
1.29074
1.25156
1.52294
1.11687
1.16342
1.32277
1.13183
1.12318
1.41338
1.25386
1.21123
1.76433
1.20291
1.6146
1.37207
1.2996
1.13658
1.40196
1.83792
1.21388
1.56042
2.04391
1.74845
1.11657
1.11449
1.30383
1.12616
1.11723
2.13602
1.88115
1.12468
1.63947
1.36757
1.55635
1.14212
1.15108
1.43064
1.22461
1.15767
1.1042
1.53337
1.43314
1.1571
1.12693
1.19155
1.58778
1.4211
1.19978
1.80861
1.83363
1.17403
1.2409
1.13544
1.13577
1.19105
1.24372
1.22937
1.11582
1.12928
1.18965
1.11576
1.39095
1.41712
1.1046
1.1362
1.6245
1.08402
1.43153
1.25813
1.25533
1.69653
1.31645
1.26064
1.55545
1.3507
1.73813
1.14144
1.19369
1.16786
1.09299
1.99125
1.13857
1.80806
1.58129
1.58323
1.32777
1.26573
1.52875
1.86665
1.36635
1.29491
1.60099
1.7617
1.90087
1.72217
1.23514
1.23032
1.15165
1.11408
1.83568
1.24903
2.18976
1.53489
1.56502
1.16237
1.76587
1.53011
1.1664
1.26408
1.24169
1.34574
1.26936
1.69846
1.10167
1.223
1.14615
1.33164
1.18979
1.41458
1.42616
1.20889
2.08611
1.70791
1.76504
3.01605
2.85851
1.25836
1.7264
1.21782
1.38156
1.35406
2.14068
1.47277
1.32885
1.26983
1.14976
1.13003
1.08597
1.11961
1.14217
1.20409
1.11184
1.14783
1.08698
1.31232
1.23586
1.30742
1.23155
1.49057
1.79042
1.42054
1.13117
1.29343
1.14786
2.03195
1.31971
1.45614
1.28264
1.31267
1.38151
1.19977
1.15595
1.22567
1.17286
1.63532
1.11095
1.55309
1.18762
1.11188
1.14378
1.07884
1.18398
1.1984
1.08516
1.1309
1.11551
1.14593
1.21813
1.08944
1.26748
1.3697
1.14099
1.10438
1.37213
1.58344
1.51554
1.35628
1.16006
2.55259
1.56656
1.24761
1.10538
1.78692
1.86794
1.25323
1.5048
1.27659
1.82699
1.91392
1.20475
1.129
1.65128
1.41098
1.13789
1.14024
1.65927
1.41147
1.33129
1.31243
1.26216
1.10699
1.1675
1.16321
1.16053
1.08727
1.08307
1.19903
1.2356
1.25333
1.09625
1.47961
1.77762
1.39219
1.41558
1.32814
1.22193
1.22121
1.15458
1.08749
1.53577
1.43643
1.20538
1.4457
1.40268
1.21207
1.73113
1.68968
1.15079
1.42523
1.33451
1.26479
1.93069
1.70326
1.13509
1.74547
1.25349
1.37205
1.5734
1.48662
1.23166
1.43829
1.18815
1.92655
1.17123
1.59019
1.35582
1.88212
2.55281
1.23716
1.96722
2.06767
1.63916
1.54949
1.21079
2.06076
2.02435
1.29261
1.83941
1.15951
1.13699
1.43669
1.52052
1.22153
1.21381
1.44856
1.29525
1.3418
1.17968
1.31219
1.15823
1.15106
1.28915
1.33478
1.2152
1.27784
1.11098
1.11384
1.58974
1.33965
1.15832
1.47195
1.20322
1.52674
1.50482
2.0668
1.76467
1.32876
1.11784
1.20263
1.27869
1.14814
1.38147
1.37517
1.36994
1.53565
1.12799
1.16427
1.77934
1.27513
2.40043
1.29806
2.14829
1.13913
2.50562
1.23373
1.10817
1.28955
1.38812
1.69945
2.15857
1.57205
1.10281
1.17439
1.18349
1.12615
1.11123
1.20088
1.13352
1.20521
1.61383
1.33579
1.39807
1.07944
1.13794
1.11103
1.09356
1.09117
1.10356
1.24355
1.15076
1.29475
1.46902
1.11391
1.11523
1.14056
1.18503
1.23877
1.29579
1.09888
1.4939
1.08518
1.23624
1.43623
1.2265
1.15024
1.20474
1.2062
1.11856
1.29398
1.24473
1.17731
1.16553
1.10424
1.15178
1.14858
1.20734
1.14228
2.19994
1.90013
1.19909
1.15694
1.95378
1.22967
1.57638
1.10065
1.18055
1.11902
1.29109
1.4176
1.10496
1.14353
1.39333
1.34598
1.11259
1.11527
1.50875
1.94831
1.09959
1.21962
1.53788
1.09283
1.10265
1.23004
1.38419
1.58232
2.42509
1.27606
1.3794
1.26386
1.11854
1.11874
1.21249
1.67949
1.12578
1.20979
1.89282
1.58413
1.80453
1.77043
1.48106
1.0793
1.11671
1.37101
1.15194
1.09642
1.16651
1.17914
1.32215
1.15353
1.1478
1.54257
1.39794
1.14476
1.58305
1.37559
1.27156
1.34342
1.11327
1.11177
1.16634
1.72036
1.14175
1.54681
1.29199
1.25596
1.88193
1.54025
1.3541
1.1935
1.28941
1.32073
1.27945
1.17869
1.71581
1.29172
1.58906
1.13942
1.42669
1.89841
1.32416
1.4914
1.27179
1.25893
1.28015
1.12532
1.99898
1.68823
1.98046
1.91321
1.21644
1.15522
1.19654
1.67101
1.11794
1.11693
1.55986
1.07899
1.08395
1.21256
1.23216
1.31817
1.13559
1.11581
1.26149
1.16174
1.10177
1.09356
1.0837
1.12695
1.38124
1.14492
1.11983
1.13504
1.13679
1.16038
1.18875
1.73557
1.46804
1.0955
1.12998
1.46432
1.53664
1.41882
1.13487
1.14182
1.16228
1.1172
1.39936
1.1159
1.5371
1.27169
1.16473
1.14975
1.11271
1.44669
1.24465
1.39307
1.57725
1.20249
1.35312
1.27633
1.10574
1.41124
1.29196
1.18453
1.55399
1.44351
1.38828
1.26052
1.31669
1.9819
1.46343
1.68246
1.59193
1.22185
2.3416
1.88457
1.73669
2.11517
2.01399
1.11398
1.93084
1.30963
1.52459
1.97289
1.11275
1.11598
1.10368
1.42487
1.11615
1.25744
1.13882
1.67924
1.6743
1.15059
1.18759
1.21004
1.09725
1.10505
1.11727
1.47583
1.11272
1.17486
1.14761
1.1151
1.71115
1.41328
1.1563
1.15948
1.53476
1.65022
1.60262
2.34426
1.84067
1.0981
1.13687
1.12152
1.30943
1.26484
2.1753
1.12145
1.98893
1.81498
1.70414
1.16771
1.84006
1.12332
2.40324
1.59151
1.19853
1.46115
1.11638
1.13032
1.47633
1.17638
1.17913
1.53229
1.14466
1.11587
1.10898
1.08097
1.09433
1.72596
1.26038
1.34454
1.65533
1.60277
1.11332
1.15785
1.1324
1.64334
1.56553
1.37609
1.26352
1.68553
1.23402
1.23121
1.41744
2.49974
1.53396
2.04226
1.15128
1.21174
1.16591
1.66822
1.39279
1.1635
1.1351
1.45171
1.34281
1.43938
1.62353
1.81918
1.3223
1.81057
1.1043
1.09632
1.38102
1.9591
2.28638
1.33793
1.28602
1.20635
2.0623
1.12887
1.24503
1.58918
1.33796
1.2513
1.16441
1.307
1.14697
1.70191
1.2207
1.36643
1.57923
1.24485
1.35886
1.39507
1.62965
1.54512
1.21891
2.37933
2.77598
1.56778
1.61565
1.54752
1.38585
1.10603
1.21208
1.24794
1.22854
2.38515
1.30204
1.08252
1.08212
1.11824
1.1467
1.17883
1.10367
1.54471
1.25785
1.10283
1.20099
1.12014
1.11394
1.08909
1.16485
1.32554
1.18917
1.94407
1.41185
1.13145
1.33337
1.24759
1.24651
1.29393
1.19417
1.11134
1.4463
1.1394
1.16577
1.1815
1.76137
1.25675
1.11731
1.27693
1.1274
1.55344
1.54315
1.21855
1.20117
1.11516
1.24207
1.10794
1.14134
1.4654
1.18579
1.10318
1.79083
1.34496
1.14516
1.08197
1.11801
1.13174
1.12574
1.54435
1.15739
1.20728
1.26249
1.11776
1.18488
1.20211
1.11741
1.16539
1.18359
1.12699
1.26526
1.28899
2.4768
1.23092
2.35433
1.79155
1.11617
1.22892
1.16764
1.10952
1.10367
1.08349
1.11474
1.08813
1.11703
1.13102
1.29486
1.1762
1.5705
1.10375
1.19944
1.09642
1.20041
1.3477
1.19548
1.17946
1.12883
1.27444
1.52109
1.13369
1.11754
1.17591
1.30181
1.11536
1.58685
1.47461
1.52034
1.08388
1.52896
1.7392
1.19772
1.1587
1.50329
1.35191
1.24288
1.16145
1.12693
1.1432
1.66857
1.51989
1.29553
1.20539
1.71868
1.11617
1.22892
1.16764
1.10952
1.10367
1.08349
1.11474
1.08813
1.11703
1.13102
1.29486
1.1762
1.5705
1.10375
1.19944
1.09642
1.20041
1.3477
1.19548
1.17946
1.12883
1.27444
1.52109
1.13369
1.11754
1.17591
1.30181
1.11536
1.58685
1.47461
1.52034
1.08388
1.52896
1.7392
1.19772
1.1587
1.50329
1.35191
1.24288
1.16145
1.12693
1.1432
1.66857
1.51989
1.29553
1.20539
1.71868
1.14862
1.18438
1.13522
1.08091
1.27515
1.34841
1.16983
1.13514
1.10897
1.14953
1.24598
1.07935
1.40113
1.29181
1.46061
1.18858
1.15544
1.22473
1.1666
1.21528
1.10209
1.54053
1.42516
1.36526
1.63622
2.09087
1.16053
1.11742
1.28267
1.22412
1.22176
1.21808
1.11919
1.46734
1.16222
1.10344
1.70898
1.41592
1.51387
1.1727
1.292
1.20656
1.10151
1.18061
1.21216
1.1551
1.12454
1.185
1.10593
1.1222
1.13805
1.11715
1.28781
1.32349
1.11038
1.18605
1.22352
1.08487
1.57777
1.10534
1.13472
1.2993
1.40266
1.42652
1.25253
1.08891
1.19214
1.28181
1.44302
1.47106
1.31823
1.39708
1.20372
1.12456
1.24041
1.14191
1.3737
1.50724
1.10127
1.51532
1.61999
1.56436
1.37253
1.17377
2.03557
1.42124
1.42269
1.20117
1.21243
1.51736
1.31753
1.12869
1.1812
1.20373
1.18698
1.14892
1.15192
1.18918
1.11372
1.12753
1.14072
1.11338
1.11524
1.23355
1.23325
1.10517
1.11465
1.21507
1.15893
1.20152
1.20895
1.0992
1.07918
1.10941
1.46762
1.50078
1.1224
1.36382
1.1564
1.15883
1.33969
1.21791
1.66124
1.16452
1.3065
1.18967
1.53491
1.55131
1.26285
1.15234
1.11492
1.24797
1.15882
1.1175
1.36525
1.26548
1.16933
1.11926
1.10892
1.13052
1.09769
1.54769
1.13968
1.08614
1.42619
1.10777
1.58387
1.31205
1.70628
1.59443
1.09952
2.12799
1.34833
1.16979
1.53889
1.79783
2.26284
1.15106
1.11367
1.25862
1.11841
2.48228
1.72794
1.10626
1.0896
1.12037
1.08526
1.13969
1.16899
1.16967
1.11336
2.03572
1.24084
1.43365
1.21523
1.17078
1.15991
1.48177
1.22479
1.22541
1.29763
1.09082
1.27367
2.31098
2.18118
1.18935
1.36973
1.13298
2.52339
1.50934
1.63923
1.82595
1.55752
1.26294
1.20334
1.2625
1.49234
1.51313
1.3197
1.38827
1.30164
1.23317
1.36507
1.65274
1.46585
1.39446
1.64503
1.58177
1.97408
1.12401
1.71945
1.28516
1.14809
1.31601
1.11606
1.11707
1.13799
1.14645
1.09024
1.11543
1.42798
1.25588
1.0803
1.23947
1.23109
1.12739
1.34249
1.28748
1.11703
1.10813
1.12751
1.19657
1.16475
1.38773
1.29725
1.14416
1.25201
2.02107
1.40202
2.4156
1.15239
1.58011
1.55607
2.13985
1.17841
1.37932
1.42535
1.991
1.15875
1.26663
2.37004
1.42519
1.15169
1.44221
1.42009
1.09163
1.09675
1.253
1.96996
1.51135
1.12471
1.29385
1.15148
1.19267
1.60106
1.14963
1.38478
1.62592
1.81463
2.00824
1.18063
1.56263
1.29272
1.25655
1.45588
1.73997
1.11512
1.11705
1.62145
1.15217
1.73636
1.58726
1.36853
1.71584
1.12253
1.67265
2.0372
1.52949
1.41277
1.70586
1.1151
1.13032
1.91481
1.13001
2.20317
1.83228
1.11348
1.20632
1.42663
1.18682
1.32256
1.24228
1.43571
1.29533
1.4478
1.21954
1.47977
1.3607
1.08767
1.33461
1.32257
1.55601
1.48302
1.48234
1.11716
1.21183
1.2635
2.00786
1.18008
1.5316
1.96666
1.45995
1.40805
1.50979
1.1631
1.11678
1.60875
1.1159
1.23724
1.40348
1.27202
1.14197
1.97589
1.25142
1.18498
1.31834
1.60039
1.26326
1.21414
1.15308
1.17167
1.18586
1.17218
1.11649
1.07983
1.10986
1.13567
1.14187
1.25313
1.14369
1.22284
1.78731
1.16307
1.8249
1.44085
1.28484
2.17965
2.21992
1.10457
1.32549
1.11482
1.19714
1.12941
1.39169
1.16031
1.18876
2.12561
2.10504
1.17567
2.09733
1.8756
1.09104
1.26457
1.28808
1.42238
1.92182
1.27726
1.16928
1.08892
1.27128
1.17195
1.1377
1.08153
1.28364
1.22455
1.11356
1.24861
1.11995
1.25843
1.17691
1.32682
1.14179
1.12068
1.12214
2.08024
1.91913
1.6846
1.44518
1.46964
1.17082
1.30521
1.15302
1.12579
1.18185
1.69051
1.52352
1.8558
1.70154
1.09188
1.14992
1.51558
1.23716
2.1294
1.58841
1.12449
1.79932
1.12286
1.28405
1.79437
1.09867
1.71237
2.14012
1.11558
1.22196
1.1166
2.05299
1.08764
1.16742
1.08407
1.09589
1.23355
1.23662
1.18315
1.1485
1.13234
1.11099
1.15435
1.15714
1.19135
1.74014
1.11524
1.10674
1.23736
1.70126
1.16754
1.57418
1.45618
1.23422
1.51153
1.37966
1.29093
1.66897
1.67235
1.23158
1.12394
1.12477
2.12423
1.30115
1.18445
1.10447
1.29734
1.16211
1.84566
1.57503
1.17445
1.7641
1.64924
1.27022
1.96785
1.20623
1.10366
1.56496
1.66641
1.69187
1.22728
1.16671
2.40299
1.0811
1.81154
2.24358
1.5611
2.09117
1.82227
2.35044
1.45505
1.44041
1.11542
1.1064
1.26161
1.30425
1.17606
1.19343
1.42465
1.24845
1.17916
1.48798
1.19833
1.27526
1.19122
1.59314
1.34049
1.09096
1.24617
1.26641
1.28399
1.21928
1.11197
1.18341
1.13422
1.56284
1.2014
1.11666
2.18521
1.38101
1.12052
1.11644
1.11697
1.2328
1.11961
1.11741
1.1213
1.46687
1.46592
1.08431
1.33064
1.35003
1.14342
1.14477
1.37098
1.23335
1.4554
1.11033
1.24107
1.15554
1.55125
1.39226
1.4873
1.41388
1.16236
1.49149
1.22237
1.39452
1.30522
1.65942
1.398
1.36705
1.10961
1.12074
1.5104
1.34337
1.26104
1.11561
1.2207
1.21969
1.48795
1.15069
1.13015
1.13173
1.56531
2.00222
1.16703
1.59583
1.11665
1.40551
1.338
1.59635
1.49796
1.15826
1.44885
1.08096
1.12986
1.23911
1.959
1.21854
1.10372
1.11516
1.16453
1.13263
1.24294
1.77253
1.32789
1.09354
1.11799
1.5464
1.12018
1.09422
1.1828
1.08758
2.32123
1.55262
1.27155
1.28071
1.16947
1.47505
1.2373
1.13439
1.70411
1.09261
1.49174
1.22988
1.53918
1.158
1.76487
1.13468
1.12743
1.86856
1.76442
1.14371
2.64821
1.28702
2.67823
1.42512
1.55313
1.11607
1.11251
1.11875
1.32772
1.17466
1.4824
1.36929
1.49416
1.46023
1.14033
1.18915
1.0821
1.19289
2.04434
1.49876
1.34705
1.38052
1.39315
1.22332
1.28124
1.11324
1.37743
1.40578
1.2047
1.34169
1.11249
1.11668
1.46226
1.53303
1.51567
1.37346
1.84376
1.57086
1.80554
1.25718
1.11363
1.10283
1.19218
1.28086
1.72213
1.57917
1.25694
1.24005
1.13718
1.15541
1.24161
1.29847
1.12466
1.4914
1.43407
1.30168
2.21669
1.88796
1.61439
1.82216
1.10249
1.26455
1.76815
1.13697
1.31371
1.11577
1.54378
1.12183
1.26577
1.32991
1.1156
1.40006
1.08334
1.80721
1.22465
1.0856
1.16329
1.2195
1.1878
1.20564
1.16226
1.79204
1.55443
1.11632
1.26056
1.11718
1.10329
1.16234
1.08396
1.15013
1.08189
1.20306
1.20104
1.21661
1.50343
1.08673
1.22614
1.24422
1.09714
1.20338
1.0873
1.21613
1.37375
1.21472
1.24969
1.17385
1.41873
1.60995
1.68209
1.19497
1.5815
1.49492
1.39072
1.1623
1.18715
1.09616
1.21041
1.09144
1.44927
1.11966
1.08575
1.21507
1.30281
1.66004
1.25755
1.40615
1.09632
1.11958
1.10908
1.18693
1.83876
1.36979
1.30075
1.31577
1.22892
1.69072
1.29812
1.76438
1.25986
1.8074
2.02052
1.41048
1.49438
1.0893
1.41515
1.37431
1.61672
1.10798
1.41489
1.92284
1.939
1.14178
1.22665
1.2779
1.23081
1.22297
1.16355
1.17346
1.1233
1.11522
1.19736
1.15296
2.73301
1.11506
2.56856
1.12
2.22991
1.08958
1.43251
1.34398
1.27263
1.174
1.1799
1.11729
2.05951
1.20201
2.01942
1.1676
1.1205
1.22709
1.15258
1.13427
1.34747
2.18287
1.66596
1.11838
1.35752
2.62033
1.11372
1.37815
1.87174
1.12205
1.10025
1.7919
1.73751
1.26177
1.19573
1.20127
2.27741
1.19319
1.5484
2.14642
1.13568
1.16785
1.12539
1.44441
1.19667
1.08092
1.2056
1.27094
1.16899
1.21699
1.71222
1.09862
1.2082
1.29371
1.14496
1.20497
1.1931
1.19577
1.11382
1.94094
1.80319
1.7312
1.32975
1.94133
1.65963
1.26457
1.56738
1.73792
1.3093
1.2827
1.40404
1.22605
1.88386
1.16882
1.14313
1.18711
1.69164
1.12123
1.13471
1.18808
1.19867
1.10604
1.44281
1.26258
1.69351
1.26142
1.27327
1.88573
1.57021
1.53095
1.27842
1.51284
1.44541
1.08337
1.20622
1.49951
1.64268
1.48817
1.14308
1.15376
1.99647
1.44709
1.10662
1.13657
1.18701
1.32782
1.11558
1.33172
1.45694
1.19033
1.67755
1.17539
1.33157
1.41734
2.19573
1.1699
1.34716
1.10358
1.62873
1.44151
2.24231
1.40472
1.0782
1.25288
1.45049
1.43611
1.10619
1.33469
1.12576
1.10412
1.68555
1.21519
1.09156
1.58068
1.17668
1.18301
2.91115
2.51124
1.56997
1.17588
1.22667
1.11619
1.15385
1.70678
1.25132
1.16029
1.29663
1.11932
1.69696
1.24093
1.6341
1.0839
1.10775
1.12309
1.08387
1.38806
1.19214
1.25431
2.07427
1.09157
1.23285
1.11624
1.19634
1.41376
1.09454
1.19968
1.34502
1.22013
1.29789
1.60689
1.2099
1.28327
1.11301
1.46819
1.53963
1.11126
1.63169
1.23987
1.20377
1.48534
1.1263
1.45126
2.12715
1.98378
1.81445
1.38704
1.88443
1.30358
1.67694
1.39708
1.1379
1.15007
1.4713
1.20146
1.55148
1.14351
1.26575
1.16092
1.17876
1.25368
1.37142
1.35577
1.13823
2.07036
1.20332
1.55124
1.82312
1.2905
1.94846
1.76473
1.40889
1.19351
1.27205
1.7387
2.93538
1.49697
1.51981
1.11206
2.0784
2.32916
1.26793
1.77159
1.21367
1.82954
1.89776
1.37751
1.11138
1.94055
1.20083
1.23603
1.11365
1.10907
1.66348
1.0989
1.52628
1.08048
1.24961
1.94826
1.13415
2.20005
1.10129
1.89866
1.19533
1.14949
1.13768
1.86868
1.19229
1.18119
1.32163
1.14137
1.64309
1.30481
1.1565
1.09168
1.46705
1.25017
1.25358
1.34301
1.26672
1.23485
1.32448
1.7965
1.14196
1.17585
1.21258
1.10596
1.11411
1.43004
1.13542
1.34418
1.14783
1.11314
1.09462
1.6403
1.10145
1.41068
1.97329
1.3047
1.73116
1.11924
2.47927
1.60941
1.17832
2.09943
1.60143
1.16123
2.11509
1.25751
1.13162
1.07859
1.44477
1.09233
1.07962
1.18079
1.15163
1.24016
1.18752
1.2854
1.32073
1.16225
1.20771
1.28084
1.13522
1.11428
1.15749
1.17246
1.20853
1.15457
1.49474
2.06416
1.14894
1.76449
1.39822
1.5042
1.77508
1.22011
1.55987
1.36249
1.29024
1.16805
1.27132
1.41937
1.17561
1.16029
1.29042
1.47615
1.61215
1.48446
1.27895
1.10336
1.12471
1.11906
1.21599
1.11352
1.15353
1.50701
1.2985
1.15372
1.37173
1.11503
1.38537
1.18525
1.17749
1.30665
1.13462
2.09912
1.79028
1.11443
1.1711
2.01899
1.50676
1.18741
1.35709
1.155
1.11953
1.38812
1.30567
1.44687
1.61922
1.31536
1.18793
1.14657
1.35962
1.38621
1.23882
1.7558
1.66491
1.39557
1.29654
1.37169
2.07099
1.24435
1.12732
2.2663
1.15951
1.11758
1.09821
1.31999
1.95431
1.3374
1.25779
1.17331
1.37134
2.00114
1.3008
1.58083
1.17237
1.38788
2.1202
1.38563
1.1879
1.39505
1.13938
2.41796
2.19755
1.46107
1.13705
1.57128
1.11526
1.66492
1.13788
1.20448
1.20947
1.19271
1.1445
1.19302
1.12971
1.29519
1.16062
1.12888
1.16548
1.33371
1.32446
1.11617
1.19297
1.55693
1.79552
1.10939
1.31083
1.29985
1.99177
1.59964
1.21959
1.14498
2.07307
1.14413
1.88332
2.36922
1.11498
1.11472
1.4134
1.13771
1.1199
1.11833
1.20145
1.12699
1.46839
1.85942
1.48691
1.90122
1.89754
1.28959
1.66411
1.6985
1.30151
1.18391
1.31337
1.08216
1.12832
1.11571
1.19366
1.1248
1.12046
1.08242
1.1347
1.25818
1.22275
1.18458
1.26702
1.16841
1.25328
1.53323
1.549
1.24021
1.1224
1.10394
1.77618
1.80667
1.21324
1.21679
1.10646
1.71332
1.12803
1.26595
1.6148
1.4702
1.14392
1.75617
1.18433
1.94402
1.72541
1.26739
1.53455
1.12957
1.13196
1.10916
1.18619
1.14617
1.1039
1.12615
1.20785
1.27045
1.31191
1.58625
1.21786
1.61906
1.16145
1.21389
1.1717
1.42537
1.09025
2.18918
1.17443
1.18925
1.20072
1.34328
1.47682
1.70809
1.18391
1.30919
1.13676
1.10042
1.118
1.62697
1.21021
1.91132
9.29102
1.09212
1.11517
1.16036
1.21378
1.22299
1.54236
1.0913
1.19039
1.35819
1.37796
1.29747
1.15668
1.71361
1.09389
1.17536
1.17735
1.9332
1.11795
1.2113
1.37667
1.6912
1.39931
1.12886
1.2078
1.47459
1.11394
1.21003
1.13386
1.15445
1.14359
1.26741
1.27319
1.1613
1.15022
1.11014
1.71795
1.39524
1.23117
1.98694
1.23973
1.12374
1.10065
1.1458
1.14342
1.10561
1.21869
1.16313
1.16166
1.7631
1.20376
1.13286
1.50893
1.46242
1.08562
1.24382
1.21487
1.2538
2.16589
1.21734
1.1425
1.18428
1.80492
1.60521
1.26521
1.17809
1.11555
1.30624
1.20542
1.49194
1.14311
1.14227
1.8682
2.33947
1.13894
1.23316
1.76328
1.14942
1.26391
1.39784
1.10543
2.3403
2.93004
1.27067
1.46539
1.56153
1.10737
1.17869
1.35111
1.17323
1.83601
1.24715
1.11973
1.09858
2.01635
2.19269
1.89439
1.17756
1.15562
1.21107
2.18097
1.12544
1.12615
1.36343
1.40286
1.88837
1.87166
1.24689
1.97277
2.25899
1.10752
1.60245
1.15904
1.1156
1.83989
1.09706
1.50465
1.2989
1.12028
1.10005
1.35858
1.56893
1.34514
1.30859
1.11641
1.14329
1.09031
1.25819
1.19721
1.08685
1.11961
1.14687
1.17605
1.27181
1.18465
1.18785
1.4382
1.46462
1.38762
1.20979
1.41671
1.37408
1.46856
1.16344
1.17706
1.18203
1.64328
1.26984
1.41162
1.57246
2.11194
1.33653
1.26338
1.10407
1.08401
1.11625
1.32096
1.13751
1.27696
1.31211
1.59437
1.59599
1.30024
1.13395
1.13784
1.38678
1.42375
1.63291
1.41281
1.7174
1.48298
1.18758
1.16956
1.08038
1.25635
1.19684
1.08821
1.25114
1.13377
1.1558
1.28872
1.13476
1.1973
1.1582
1.08417
1.68997
1.28897
1.19561
1.42608
1.24578
2.16059
1.0891
1.5797
1.88882
1.39704
1.29643
1.10045
1.394
1.31414
1.75914
1.65751
1.75587
2.57819
2.44609
1.54373
1.0865
1.37887
1.2101
1.13658
1.14862
1.0891
1.55352
1.11313
1.1119
1.0841
1.12498
1.15864
1.11515
1.13305
1.32162
1.16543
1.09543
1.09459
1.2559
1.16081
1.11644
1.11506
1.10339
1.12164
1.27961
1.17781
1.21789
1.3689
1.53368
1.17267
1.09826
1.38995
1.2004
1.26986
1.66641
1.15458
2.63864
1.16893
1.10272
1.5426
1.26999
1.33117
1.14899
1.65133
1.71416
1.51973
1.93978
1.58562
1.57525
1.1267
1.11608
1.44574
1.12051
1.22459
1.30227
1.13655
1.0877
1.98542
1.08979
1.6974
1.17809
1.18383
1.17334
1.35876
1.18069
1.4704
1.34689
1.21152
1.12626
1.11718
1.53311
1.26222
1.27663
1.16643
1.5279
1.46758
1.42475
2.04554
1.10769
1.2336
2.19177
1.15131
1.28088
1.15245
1.21689
1.45584
2.68679
1.32856
1.27778
1.11246
1.18942
1.09869
1.36062
1.30228
1.21876
1.37683
1.73896
1.27948
1.34412
1.36174
1.33064
1.11457
1.87153
1.09783
1.82657
1.18859
1.1065
2.30101
1.17666
1.14929
1.12099
1.5251
1.3058
1.5156
1.48332
2.01518
1.84203
1.60508
1.33745
1.67036
1.23088
1.1358
1.09398
1.26249
1.39395
1.46784
1.54307
1.11652
1.68096
1.37384
1.30407
2.04878
1.63519
1.59445
1.95592
1.97232
1.97476
1.10318
1.10194
1.3991
1.30956
1.41923
1.13246
1.86562
1.33911
1.47936
1.34922
1.11898
1.6876
1.13514
1.32142
1.13068
1.22902
1.44754
1.3195
1.11469
1.20884
1.11728
1.15398
1.11936
1.27778
1.7543
1.2982
1.31292
1.22776
1.18207
1.08599
1.30192
1.09355
2.17535
1.54645
1.26777
1.2074
1.14857
1.11754
1.27004
1.19801
1.17344
1.11318
1.12693
1.29552
1.19489
1.13823
1.26311
1.15786
1.5211
1.34507
1.49319
1.47095
1.15479
1.1081
1.31104
1.17243
1.18991
1.12541
1.29223
1.52828
1.16944
1.14197
1.13347
1.53367
1.17738
1.15196
1.11521
1.26152
1.26736
1.23055
1.12735
1.53392
1.12327
1.14321
1.1213
1.13743
1.30482
1.43131
1.38286
1.30534
1.11541
1.16504
1.13447
1.2349
1.3057
1.1867
1.10226
1.23717
1.40074
1.11084
1.36787
1.3486
1.47818
1.39664
1.31748
1.23761
1.13117
1.22885
1.37238
1.20738
1.91688
1.17579
1.64644
1.28002
1.76318
1.47991
1.68719
1.97518
1.13333
1.1141
1.11667
1.49644
1.1149
1.1168
1.09187
1.11789
1.48417
1.29592
1.36427
1.32103
1.21412
1.20667
1.1445
1.46796
1.45048
1.15874
1.10791
2.21029
1.08343
1.5848
1.20939
1.37802
1.2716
1.11788
1.1475
1.11518
1.29068
1.23861
1.12872
1.32568
1.37053
1.09238
1.08395
1.41365
1.10775
1.09607
1.10169
1.51475
1.13226
1.12108
1.10094
1.08915
1.42142
1.30101
1.84971
1.09291
1.09152
1.8129
1.43189
1.09347
1.4612
1.08649
1.59299
1.21883
1.26278
1.24896
1.76537
1.15261
1.09787
1.35596
1.83887
1.11505
1.12601
1.47641
1.21741
1.34801
1.96883
2.25336
1.21077
1.90017
1.68743
1.38418
2.10913
1.10803
1.99429
1.61443
1.30371
1.69603
1.31475
1.61176
1.73866
1.14096
1.56023
1.71443
1.66091
1.40816
2.06072
1.11913
1.11689
1.1158
1.16637
1.23763
1.11142
1.12873
1.53899
1.91417
1.66722
1.53677
1.63704
1.22328
1.10557
1.21004
1.14856
1.20218
1.11884
1.35833
1.1078
1.16731
1.09797
1.37223
1.12176
1.7416
1.30611
1.1951
1.12747
1.1573
1.83406
1.19479
2.07821
1.73472
1.42324
1.13308
1.1273
1.34243
1.13072
2.29446
1.22845
1.98674
2.09541
1.23848
1.11669
1.11774
1.25685
1.17816
1.14641
1.09309
1.15829
1.11315
1.11467
1.17342
1.11817
1.08414
1.08469
1.25015
1.08652
1.58269
1.5658
1.26158
1.12519
1.14278
1.25197
1.25993
1.29307
1.0845
1.51693
1.76262
1.47001
1.38291
1.1558
1.35382
1.29739
1.12695
1.11901
1.13195
2.43979
1.52188
1.86542
1.43871
1.19233
1.25838
1.71162
2.10705
1.53653
2.13528
1.96107
1.79081
1.18365
1.33905
1.341
1.73965
1.24743
1.35867
1.41612
1.11408
1.3218
1.31761
1.45105
1.18935
1.08264
1.3693
1.11326
1.12376
1.59654
1.19518
1.1566
1.29322
1.117
1.12703
1.11322
1.21901
1.58586
1.2107
1.13549
1.17832
1.40895
1.30306
1.15988
2.07403
1.6023
1.18243
1.1291
1.63018
1.76061
1.36375
1.28278
1.19631
1.15401
1.73658
1.19929
1.12577
1.34214
1.21559
1.11781
1.1422
1.2413
1.16617
1.15704
1.41275
1.23636
1.12824
2.0623
1.37403
1.12549
1.39034
1.07894
1.10649
1.20131
1.24611
1.19975
1.25959
1.25499
1.45638
1.11456
1.22669
1.24979
1.14822
1.22696
1.09055
1.88081
1.15811
1.20563
1.6327
1.77811
2.3313
1.09972
2.45869
1.15425
1.22739
2.2798
1.11709
1.11077
1.1892
1.14912
1.7853
1.3288
1.57333
1.6296
1.10665
1.29348
1.6303
1.9354
1.82476
1.68978
1.16571
1.15988
1.19777
1.2044
1.30446
1.62059
1.09253
1.31612
1.54572
1.60366
1.53158
1.3262
1.14025
1.5169
1.60566
1.09203
1.52763
1.11653
1.47132
1.28558
1.47299
1.66616
1.28615
1.6235
1.56868
1.12173
2.06998
1.1192
1.70603
1.59212
1.22144
2.39991
2.18917
1.50501
1.15763
1.115
1.25082
1.43577
1.24894
1.16858
1.4693
1.27258
1.3379
1.1178
1.19349
1.27659
1.11416
1.14304
1.34455
1.21754
1.42973
1.1492
1.6257
1.40535
1.44676
1.6236
1.20924
1.11354
1.09256
1.10549
1.19129
1.09953
1.26296
1.97088
1.11397
1.1515
1.40145
1.45834
1.2023
1.22679
1.16853
1.50705
1.61942
1.52818
1.93453
1.34573
1.37502
1.17989
1.15156
1.11358
1.26071
1.11599
1.33945
1.11697
1.09129
1.10414
1.18115
1.11337
1.10967
1.76381
1.12493
1.10773
1.31269
1.11417
1.22406
1.55306
1.12386
1.88738
1.46835
1.89405
1.81253
1.33702
1.16218
1.34484
1.19113
1.20642
1.11793
1.118
1.15205
1.35673
1.58723
1.11536
1.08454
1.1877
1.25971
1.22425
1.13137
1.70205
1.10043
1.21054
1.4717
1.11937
1.26908
1.22573
1.69139
1.23809
1.75653
1.17282
1.2998
1.26442
1.45045
1.78205
1.24001
1.3708
1.32698
1.14648
1.29222
1.20814
1.19394
1.13876
1.14003
1.17846
1.4792
1.18428
1.37931
1.25496
1.1737
1.10177
1.09324
1.25705
1.51858
1.30963
1.17104
1.25121
1.69229
1.12126
1.18106
1.46789
1.66599
1.56301
1.18451
1.57034
1.12286
1.20466
1.39783
1.17635
1.33816
1.11247
1.18704
1.22756
1.22301
1.15919
2.83068
1.47549
1.14228
1.48575
1.12932
1.7399
1.52391
2.11935
1.24663
1.77804
1.35856
1.34334
2.26207
1.35596
1.34172
1.37074
1.33456
1.66476
1.92658
1.38723
1.57874
1.11413
1.34102
1.17994
1.76014
1.14486
1.63102
1.10426
1.12699
1.10343
1.11316
1.29491
1.2409
1.57965
1.17013
1.33494
1.70788
1.59398
1.16499
1.33086
1.82748
1.35136
1.419
1.13433
1.49122
1.22253
1.20598
1.74164
1.29099
1.22227
1.81684
1.1688
1.23394
1.11654
1.21761
1.11763
1.53788
1.46035
1.33616
1.16239
1.08874
1.51113
1.1011
1.90067
1.19834
1.35166
1.28564
1.7013
1.683
1.20319
1.13958
1.19775
1.28802
1.11105
1.22925
1.13854
1.2515
1.80687
1.23519
1.7942
1.41949
1.35821
1.16373
1.64887
1.53881
1.82854
1.43837
1.41521
1.15459
1.1507
1.43959
1.6168
1.45526
1.20329
1.13495
1.99259
1.40764
1.09697
1.18527
1.27109
1.11161
1.32608
1.29523
1.1106
1.66144
1.17706
1.30657
1.76625
1.43909
1.28106
1.25525
1.13235
1.80236
1.3065
1.525
1.51597
1.10217
1.13477
1.4469
1.30857
1.24442
1.3303
1.11616
1.94376
1.51442
1.43499
1.55795
1.16455
1.22076
1.13675
1.45736
1.26647
1.52373
1.58201
1.15025
1.17429
1.7649
1.4083
1.18944
1.68572
1.12297
1.11887
1.38479
1.19723
1.60102
1.6478
1.1204
1.56205
1.11807
1.21722
1.11622
1.14183
1.39939
1.33952
1.18477
1.36458
1.1166
1.39486
1.3319
1.27672
1.11761
1.20576
1.18612
1.26318
1.14728
1.1755
1.31147
1.12606
1.57228
1.24378
1.18322
1.15852
1.61781
1.22892
1.17456
1.17467
1.16213
1.29154
1.42664
1.11278
1.1079
1.11607
1.4005
1.51648
1.73295
1.26581
1.62594
1.37151
1.57572
1.55873
1.23655
1.34375
1.43231
1.12605
1.17112
1.36971
1.14943
1.24066
3.87582
1.13221
1.13176
1.20218
1.09191
1.83164
1.28344
1.08025
1.27756
1.26215
1.74466
1.31623
2.02127
1.74371
1.36513
1.13992
1.11518
1.84445
1.14387
1.15059
1.97051
1.25521
1.19909
1.93194
1.72066
1.40937
1.11005
1.45385
1.49542
1.32104
1.10093
1.13367
1.09104
1.39281
1.1973
1.82505
1.08706
1.54945
1.11062
1.10539
1.37987
1.30364
1.23174
1.46073
1.42506
1.35586
1.19589
1.67887
1.17998
1.08675
1.64401
1.83483
1.40717
1.25041
1.63183
1.44898
1.13949
1.82648
1.82252
1.46627
1.26847
1.63932
1.14765
1.25197
1.14028
1.21164
1.10961
1.13526
1.1445
1.10828
1.24075
1.65958
1.23958
1.11583
1.09444
1.97608
1.11864
1.1147
1.50359
1.1612
1.57955
1.11324
1.41726
1.16641
1.26152
1.37307
1.43333
1.14385
1.30992
1.70105
1.77139
1.20825
1.28284
1.90557
1.66052
1.61109
1.51438
1.16131
1.20278
1.22871
1.23507
1.75682
2.54104
1.98214
1.69939
1.29039
1.16229
2.51181
1.16826
1.34063
1.26479
2.40922
1.19081
1.22111
2.38602
2.24813
3.6312
1.1945
1.99666
1.29864
1.72866
1.45813
1.13416
2.18598
1.95621
1.12384
1.19749
1.22333
2.95372
2.90768
1.56143
1.11546
1.34523
1.116
1.20117
1.11686
2.25844
1.30387
1.22241
2.11787
1.11685
1.23705
1.09135
2.13497
1.35625
1.12246
1.17917
2.07922
2.39658
1.32392
1.29493
2.46995
2.19352
1.22377
1.40457
1.20526
1.22855
1.5671
1.85658
1.2455
1.11543
1.47804
1.09031
1.24749
1.16073
1.2727
1.17611
1.47944
1.40786
1.4284
1.29448
1.44164
2.02846
2.66644
1.27487
1.12412
1.31603
1.87516
1.24368
1.86708
1.17806
1.26197
1.10709
1.26648
3.48215
1.11662
1.11913
1.18975
1.17135
1.21636
1.31844
1.10358
1.11685
1.09001
1.37051
1.25398
1.44191
1.14003
1.30664
1.11896
1.19393
1.56533
1.56242
1.07903
1.08534
1.85974
1.1154
1.11586
1.23851
1.21374
1.11936
1.08524
1.07897
1.25542
1.42398
1.36645
1.0862
1.14433
1.21545
1.08205
1.11635
1.11935
1.11355
1.09417
1.18837
1.14266
1.15615
1.11651
1.43879
1.10794
1.11739
1.544
1.20445
1.24294
1.42143
1.17707
1.56906
1.76978
1.216
1.18017
1.16188
1.33018
1.1238
1.11028
1.25814
1.16881
1.11676
1.21597
1.19643
1.15887
1.08052
1.13503
1.19939
1.12154
1.33536
1.11904
1.58437
1.48553
1.49549
1.55357
1.20391
1.1601
1.08136
1.32113
1.40983
1.16738
1.11194
1.28391
1.56551
1.20005
1.26987
1.67851
1.17172
1.1144
1.25468
1.11962
1.1595
1.11767
1.37797
1.28049
1.11368
1.10968
1.1465
1.16744
1.10583
1.22547
1.51653
1.21233
1.28842
1.29749
1.24675
1.82605
1.25069
1.18161
1.22918
1.09918
1.31719
1.1188
1.62824
1.39992
1.51458
1.15803
1.41988
1.32119
1.60153
1.15505
1.09971
1.15984
1.56693
1.38573
1.24762
1.13104
1.22772
1.11161
1.23148
1.29805
1.29645
1.40436
1.27461
1.83405
1.43822
1.35246
1.6307
1.11663
1.20799
1.60175
1.20678
1.57355
1.08732
1.24962
1.08671
1.31892
1.4626
1.08239
1.11785
1.54358
1.48559
1.3012
1.19975
1.63381
1.44627
1.18893
1.30166
1.23115
1.24132
1.08831
1.21058
1.21034
1.28934
1.22116
1.33392
1.19155
1.81155
1.31801
1.16747
1.66675
1.11559
1.12392
1.85753
1.38378
1.68691
1.75391
1.36353
1.21562
1.88571
1.82788
1.11613
1.11987
1.22366
1.2342
1.08149
1.14684
1.13072
1.51123
1.20987
1.33824
1.21421
1.27983
1.62668
1.11271
1.14038
1.11268
1.10349
1.27852
1.31704
1.12205
1.2314
1.13197
1.11715
1.90641
1.1499
1.52755
1.11142
1.08745
1.31109
1.61174
1.33402
1.29267
1.13567
1.24207
1.59671
1.15138
1.13433
1.42604
1.75665
1.34003
1.11569
1.63755
1.09527
1.0849
1.10955
1.17488
1.19758
1.23525
1.31314
1.11046
1.09945
1.14457
1.78936
1.76787
1.26863
1.11839
1.08841
1.19533
1.42526
1.11378
2.26906
1.38156
1.2832
1.10399
1.12494
1.17225
1.11853
1.32675
1.72304
1.66053
1.52774
1.19265
1.11389
1.18692
1.11001
1.12907
1.14265
1.20493
1.55571
1.25183
1.11633
1.6556
1.15107
1.11627
1.2784
1.12053
1.1615
1.25942
1.13407
1.11559
1.09258
1.35546
1.43056
1.15469
1.41463
1.73806
1.46874
1.38814
1.1418
1.11393
1.87984
1.17545
1.16621
1.09314
1.40231
1.29089
1.63963
1.18903
1.20852
1.15477
1.61135
1.32
1.54959
1.13578
1.10625
1.98084
1.75736
1.56519
1.49652
1.4742
1.23708
1.4237
1.08618
1.18187
1.40679
1.33209
1.55035
1.31533
1.11674
1.12454
1.70958
1.62173
1.50897
1.44318
1.14372
1.27439
1.12802
1.43689
1.09197
1.25635
1.09035
1.19016
1.10591
1.28495
1.45557
1.14222
1.46012
1.16516
1.22052
1.15495
1.28782
1.55986
1.40067
1.68922
1.16145
1.12767
1.73142
1.36558
1.14372
1.09008
1.10717
1.11424
1.61837
1.2535
1.1501
1.1689
1.23555
1.30675
1.10028
1.0828
1.09426
1.146
1.18341
1.34447
1.15468
1.25912
1.13506
1.85409
1.19105
1.25044
1.28656
1.20763
1.77286
1.22661
1.2475
1.15143
1.27005
1.1693
1.20337
1.74724
1.21107
1.47182
1.68578
2.3074
1.22915
1.25998
1.32125
1.14738
1.81114
1.24454
1.18252
1.69981
1.11344
1.83136
1.11653
1.78077
1.10899
1.65095
1.11207
1.10705
1.97819
2.02758
1.37894
1.40702
1.31072
1.37893
1.12035
1.61577
1.11822
1.2121
1.77043
1.49954
1.18514
1.3182
1.20858
1.08609
1.92094
1.17025
1.11569
1.10587
1.40861
1.29464
1.21523
1.2361
1.1614
1.12624
1.2228
1.3938
1.25678
1.32252
1.1168
1.13907
1.30846
1.29511
1.09107
1.08531
1.08608
2.14098
1.09493
1.29121
1.21524
1.17164
1.39011
1.10368
1.10095
1.40663
1.72436
1.37845
1.11669
2.34095
1.45989
2.63773
1.85757
1.1634
1.48365
1.34402
1.16954
2.65218
1.83782
1.47427
2.40921
2.01838
1.10991
1.78907
1.20411
1.26649
1.08578
1.31378
1.08364
1.0839
1.29226
1.43454
1.21464
1.16596
1.1382
1.15242
1.11469
1.10468
1.2797
1.1012
1.14352
1.23305
1.11072
1.37953
1.30115
1.35183
1.47856
1.83596
1.7286
1.57561
1.16823
1.67866
2.06588
1.53136
2.00348
1.65289
1.48057
1.32886
1.90164
1.33607
1.11933
1.3695
1.15167
1.3478
1.09901
1.48726
1.09071
1.0869
1.1362
1.17185
1.11688
1.13368
1.61881
1.19462
1.2882
1.1575
1.1557
1.13216
1.11886
1.50393
1.67864
1.13384
1.1381
1.7987
1.1382
1.27428
1.52534
1.70035
1.11719
1.55744
1.07815
1.11256
1.1147
1.14427
1.25547
1.16437
1.15376
1.95182
1.12137
1.33
1.31132
1.35761
1.19613
1.54233
1.20029
1.08463
1.09956
1.35873
1.73043
1.33227
1.17726
1.41358
1.45997
1.11427
1.1027
1.08861
1.09943
1.40441
1.19051
1.17731
1.38025
1.59837
2.03157
1.17751
1.38798
1.11599
1.11638
1.12013
1.11685
1.21653
1.23405
1.09414
1.25182
1.11519
1.53084
1.3005
1.10266
1.21575
1.25238
1.33608
1.43597
1.36132
1.17866
1.84915
1.20793
1.40786
1.20932
1.14319
1.83457
1.17908
1.21914
1.20695
1.19118
1.09635
1.34678
1.3039
1.9192
1.69038
1.30303
1.15948
1.22353
1.25519
1.11593
1.11701
1.09147
1.08491
1.82017
1.50348
1.27597
1.95627
1.09477
1.28142
1.22821
1.14683
1.69606
1.44337
1.30473
1.24308
1.13595
1.08932
1.15017
1.11323
1.23124
1.08292
1.37738
1.25669
1.1885
1.27316
1.47799
1.11491
1.11877
1.14579
1.62959
1.65916
1.09287
1.08606
1.22639
1.66728
1.13767
1.3764
1.21246
1.42027
1.40703
1.36573
1.69107
1.43738
1.83938
1.71344
1.6851
1.2022
1.19066
1.38622
1.107
1.11866
1.27912
1.1545
1.13158
1.10991
1.54806
1.54867
1.26252
1.13514
1.17295
1.27276
1.20283
1.4544
1.17541
1.50391
1.18126
1.43437
1.14776
1.13265
1.63763
1.31095
1.16851
1.39078
1.16451
1.11668
1.12844
1.18958
1.12411
1.3087
1.4515
1.3808
1.41134
1.48799
1.32058
1.30796
1.27739
1.16476
1.62379
1.48846
1.49022
1.37642
1.82345
1.6174
1.44121
1.18342
1.117
1.11635
1.11738
1.13397
1.29691
1.17201
1.22069
1.32048
1.2562
2.25573
2.16125
1.17168
1.15217
1.16579
2.01755
1.74333
1.57722
1.27286
1.11232
1.62389
1.43245
1.31511
2.29279
1.19795
1.25309
1.11813
1.0926
1.20243
1.11743
1.5953
1.76858
1.18023
1.09042
1.09071
1.72512
1.16677
1.3552
1.09145
1.72724
1.24799
1.14308
1.13762
1.18034
1.45875
1.98292
1.1462
2.53775
1.2966
1.28654
1.11407
1.09876
1.71878
1.32833
1.41947
1.28114
1.85033
1.77398
1.4683
1.466
1.26543
1.22113
1.20225
1.82024
2.77851
1.49799
2.72176
1.8167
1.16132
1.09975
1.37687
1.09334
1.45138
1.08446
1.12221
1.12057
1.15713
1.10267
1.16094
1.18895
1.09591
1.11648
1.35515
1.32551
1.07974
1.20371
1.21889
2.62174
1.08554
1.22743
1.10682
1.17811
1.4406
1.50406
1.28677
1.26683
1.17298
1.25974
1.2416
1.16449
1.11517
1.45981
1.17309
1.32128
7.15428
1.11711
1.30139
1.32105
1.12758
1.12237
1.15868
1.33004
1.11408
1.5845
1.233
1.14069
1.11112
1.83512
1.6168
1.13472
1.11339
1.09764
1.13488
1.11423
1.37098
1.50731
1.8708
1.18274
1.26215
1.26003
1.74288
1.1817
1.12534
1.1271
2.0587
1.11708
1.15574
1.11272
1.11758
1.85882
1.12396
2.79614
1.2802
1.16373
1.08968
1.15949
1.222
2.21758
1.50598
1.55008
1.64412
1.11566
1.09913
1.16415
1.4584
1.24972
1.7784
2.21883
1.30962
1.15187
1.2012
1.60766
1.14133
1.11561
1.1314
1.29772
1.16062
1.17969
1.08135
1.28103
1.36286
1.17094
1.26059
1.30289
1.12096
1.17182
1.47716
2.08491
1.81166
1.11643
1.72933
1.20365
1.70088
1.62147
1.12375
1.88879
1.12198
1.52944
1.30251
1.68005
1.39572
1.31953
1.1149
1.11679
1.20814
1.99528
1.49412
1.52329
1.11689
1.29695
1.11331
1.29238
1.13861
1.12094
1.51758
1.29693
1.18423
1.16737
1.17652
1.08702
1.23954
1.37929
1.18897
1.70367
1.81484
1.65561
1.27804
1.74002
1.11807
1.28143
1.37515
1.1954
1.59513
1.15175
1.95742
1.23628
1.22609
1.63303
1.42281
1.64099
1.78597
1.24822
1.1603
1.25663
1.1157
1.43934
1.99512
1.39035
1.19947
1.1661
1.11532
1.47673
1.39812
1.24693
1.11497
1.13132
1.21506
1.40326
1.56714
1.4222
1.59932
1.11405
1.66117
1.50745
1.11261
1.17084
1.10112
1.23863
1.11777
1.18361
1.16126
1.21973
1.2496
1.82709
1.33991
1.11462
1.82485
1.22629
1.1166
1.38823
2.16075
1.11743
1.08044
1.24067
1.17179
1.09182
1.36944
1.17223
1.12554
1.20524
1.40134
1.65333
1.29988
1.18901
1.13209
1.3994
1.18532
1.41282
1.1139
1.26923
1.13297
1.10495
1.22378
1.36143
1.15361
1.11687
1.20139
1.32715
1.21184
1.10539
1.23178
1.51946
1.37762
1.56915
1.77338
1.42208
1.44824
1.31061
1.32735
1.56318
1.13005
1.11773
1.12029
1.55882
1.32843
1.17804
1.18013
1.11481
1.19328
1.14708
1.1839
1.13366
1.53299
1.20484
1.21309
1.15968
1.31556
1.08021
1.12564
1.29324
1.26805
1.58117
1.30463
1.08347
1.28286
1.38659
1.58825
1.41534
1.10628
1.3705
1.21992
1.29144
1.22349
1.85059
1.66451
1.71471
1.31972
1.81125
1.16174
1.75981
1.10584
1.16667
1.10438
1.64249
1.12057
1.23928
1.13268
1.26505
1.64116
1.28714
1.22796
1.18426
1.08437
1.30302
1.54094
2.52936
1.17615
1.62026
2.04367
1.44274
1.18148
1.42516
1.40001
1.68725
1.08937
1.15122
1.11444
1.17649
1.16703
1.11742
1.268
1.39764
1.11349
1.33024
1.13322
1.15227
1.09703
1.82628
1.27606
1.11167
1.08266
1.98489
1.43939
1.12951
1.43365
1.6382
1.27549
1.1342
1.33377
1.69725
1.3712
1.44991
1.27663
1.56734
1.20028
1.25696
1.18168
1.09584
1.09854
1.0855
1.60926
1.2972
1.11627
1.11814
1.66629
1.40099
1.13718
1.1367
1.52475
1.35796
1.35374
1.16772
1.14811
1.1216
1.12429
1.2783
1.09229
1.13066
1.29574
1.1194
1.60671
1.21745
1.10764
1.17514
1.54249
1.62195
1.11653
1.17678
1.40454
1.08292
2.12168
1.35308
2.54759
1.95558
1.69068
1.34389
1.63648
1.15913
1.28219
1.29705
1.64523
1.61029
1.50334
1.74528
1.32658
1.92719
1.13402
1.66562
1.29795
1.25542
1.10548
1.15776
1.11581
1.2816
1.23034
1.17556
1.47547
1.25576
1.20464
1.0936
1.13447
1.32361
1.19531
1.09191
1.63361
1.18499
1.40843
1.48396
1.56465
2.27208
1.26806
1.08765
1.34419
1.16216
1.279
1.76015
1.51298
1.12382
1.24303
1.50077
1.50431
2.27709
2.01506
1.96034
1.58976
1.82147
2.35042
1.98403
1.44274
2.19144
1.6917
1.27828
1.11614
1.15842
1.16077
1.11497
1.19888
1.14179
1.32771
1.35595
1.11657
1.2007
1.4087
1.16252
1.39167
1.65807
1.41112
1.36038
1.30037
1.6711
1.21951
1.09853
1.23091
1.42151
1.16133
1.5921
2.10542
1.73771
1.3852
1.56684
1.53237
1.20493
1.55571
1.25183
1.11633
1.6556
1.15107
1.11627
1.2784
1.12053
1.1615
1.25942
1.13407
1.11559
1.09258
1.35546
1.43056
1.15469
1.41463
1.73806
1.46874
1.38814
1.1418
1.11393
1.87984
1.17545
1.16621
1.09314
1.40231
1.29089
1.63963
1.18903
1.20852
1.15477
1.61135
1.32
1.54959
1.13578
1.10625
1.98084
1.75736
1.56519
1.49652
1.4742
1.23708
1.4237
1.08618
1.18187
1.40679
1.33209
1.55035
1.31533
1.11674
1.12454
1.70958
1.62173
1.50897
1.44318
1.14372
1.27439
1.12802
1.43689
1.09197
1.25635
1.09035
1.19016
1.10591
1.28495
1.45557
1.14222
1.46012
1.16516
1.22052
1.15495
1.28782
1.55986
1.10991
1.78907
1.20411
1.26649
1.08578
1.31378
1.08364
1.0839
1.29226
1.43454
1.21464
1.16596
1.1382
1.15242
1.11469
1.10468
1.2797
1.1012
1.14352
1.23305
1.11072
1.37953
1.30115
1.35183
1.47856
1.83596
1.7286
1.57561
1.16823
1.67866
2.06588
1.53136
2.00348
1.65289
1.48057
1.32886
1.90164
1.33607
1.11933
1.3695
1.15167
1.3478
1.09901
1.48726
1.09071
1.0869
1.1362
1.17185
1.11688
1.13368
1.61881
1.19462
1.2882
1.1575
1.1557
1.13216
1.11886
1.50393
1.67864
1.13384
1.1381
1.7987
1.1382
1.27428
1.52534
1.70035
1.11719
1.55744
1.07815
1.11256
1.1147
1.14427
1.25547
1.16437
1.15376
1.95182
1.12137
1.33
1.31132
1.35761
1.19613
1.54233
1.20029
1.08463
1.09956
1.35873
1.73043
1.33227
1.17726
1.41358
1.45997
1.11427
1.1027
1.08861
1.09943
1.40441
1.19051
1.17731
1.38025
1.59837
2.03157
1.17751
1.38798
1.11599
1.11638
1.12013
1.11685
1.21653
1.23405
1.09414
1.25182
1.11519
1.53084
1.3005
1.10266
1.21575
1.25238
1.33608
1.43597
1.36132
1.17866
1.84915
1.20793
1.40786
1.20932
1.14319
1.83457
1.17908
1.21914
1.20695
1.19118
1.09635
1.34678
1.3039
1.9192
1.69038
1.30303
1.15948
1.22353
1.25519
1.11593
1.11701
1.09147
1.08491
1.82017
1.50348
1.27597
1.95627
1.09477
1.28142
1.22821
1.14683
1.69606
1.44337
1.30473
1.24308
1.13595
1.08932
1.15017
1.11323
1.23124
1.08292
1.37738
1.25669
1.1885
1.27316
1.47799
1.11491
1.11877
1.14579
1.62959
1.65916
1.09287
1.08606
1.22639
1.66728
1.13767
1.3764
1.21246
1.42027
1.40703
1.36573
1.69107
1.43738
1.83938
1.71344
1.6851
1.2022
1.19066
1.38622
1.107
1.11866
1.27912
1.1545
1.13158
1.10991
1.54806
1.54867
1.26252
1.13514
1.17295
1.27276
1.20283
1.4544
1.17541
1.50391
1.18126
1.43437
1.14776
1.13265
1.63763
1.31095
1.16851
1.39078
1.16451
1.11668
1.12844
1.18958
1.12411
1.3087
1.4515
1.3808
1.41134
1.48799
1.32058
1.30796
1.27739
1.16476
1.62379
1.48846
1.49022
1.37642
1.82345
1.6174
1.44121
1.18342
1.117
1.11635
1.11738
1.13397
1.29691
1.17201
1.22069
1.32048
1.2562
2.25573
2.16125
1.17168
1.15217
1.16579
2.01755
1.74333
1.57722
1.27286
1.11232
1.62389
1.43245
1.31511
2.29279
1.19795
1.25309
1.11813
1.0926
1.20243
1.11743
1.5953
1.76858
1.18023
1.09042
1.09071
1.72512
1.16677
1.3552
1.09145
1.72724
1.24799
1.14308
1.13762
1.18034
1.45875
1.98292
1.1462
2.53775
1.2966
1.28654
1.11407
1.09876
1.71878
1.32833
1.41947
1.28114
1.85033
1.77398
1.4683
1.466
1.26543
1.22113
1.20225
1.82024
2.77851
1.49799
2.72176
1.8167
1.16132
1.09975
1.37687
1.08239
1.11785
1.54358
1.48559
1.3012
1.19975
1.63381
1.44627
1.18893
1.30166
1.23115
1.24132
1.08831
1.21058
1.21034
1.28934
1.22116
1.33392
1.19155
1.81155
1.31801
1.16747
1.66675
1.11559
1.12392
1.85753
1.38378
1.68691
1.75391
1.36353
1.21562
1.88571
1.82788
1.11613
1.11987
1.22366
1.2342
1.08149
1.14684
1.13072
1.51123
1.20987
1.33824
1.21421
1.27983
1.62668
1.11271
1.14038
1.11268
1.10349
1.27852
1.31704
1.12205
1.2314
1.13197
1.11715
1.90641
1.1499
1.52755
1.11142
1.08745
1.31109
1.61174
1.33402
1.29267
1.13567
1.24207
1.59671
1.15138
1.13433
1.42604
1.75665
1.34003
1.11569
1.63755
1.09527
1.0849
1.10955
1.17488
1.19758
1.23525
1.31314
1.11046
1.09945
1.14457
1.78936
1.76787
1.26863
1.11839
1.08841
1.19533
1.42526
1.11378
2.26906
1.38156
1.2832
1.10399
1.12494
1.17225
1.11853
1.32675
1.72304
1.66053
1.52774
1.19265
1.11389
1.18692
1.11001
1.12907
1.14265
1.11435
1.11509
1.22113
1.26821
1.1132
1.68019
1.24163
1.09375
1.25045
1.24438
1.16048
1.10681
1.24737
1.25056
1.53522
1.10084
1.20316
1.28114
1.4504
1.25534
1.95544
1.28327
1.30555
1.28816
1.56876
1.64473
1.75042
1.78863
1.21741
1.41524
1.1158
1.21193
1.88156
1.28401
1.12241
1.43024
1.17971
1.71358
1.10767
1.47527
1.55853
1.24082
1.40996
2.1554
1.22318
1.21819
1.11963
1.20459
1.23896
1.21154
1.68527
2.03109
1.404
1.61173
1.60816
1.0821
1.23248
1.14325
1.81294
1.46218
1.8919
1.14078
1.39518
1.84406
1.29895
1.35899
1.10437
1.34827
1.08611
1.11413
1.62685
1.48614
1.11319
1.4074
1.54887
1.51961
1.45523
1.25584
1.68748
1.14169
1.12096
1.34501
1.29453
2.26545
1.1154
1.43119
1.40254
1.2376
1.45581
1.41089
1.27578
1.69836
1.2821
1.10317
1.14441
1.15254
1.69243
1.67757
1.66397
1.13362
1.10949
1.11504
1.34081
1.25138
1.29437
1.11692
1.29319
1.15492
1.25605
1.35797
1.19372
1.08563
1.21731
1.11758
1.4526
1.10583
1.34897
1.20671
1.27689
1.18702
1.21573
1.11066
1.13762
1.15564
1.10782
1.34864
1.5706
1.15523
1.36299
1.49032
1.3637
1.43165
1.59779
1.12564
2.01828
1.48142
1.23385
1.44489
1.24095
1.19999
1.14101
1.83269
1.72857
1.51024
1.11055
1.25675
1.11731
1.27693
1.1274
1.55344
1.54315
1.21855
1.20117
1.11516
1.24207
1.10794
1.14134
1.4654
1.18579
1.10318
1.79083
1.34496
1.14516
1.08197
1.11801
1.13174
1.12574
1.54435
1.15739
1.20728
1.26249
1.11776
1.18488
1.20211
1.11741
1.16539
1.18359
1.12699
1.26526
1.28899
2.4768
1.23092
2.35433
1.79155
1.82996
1.56428
1.11586
1.1097
1.20367
1.35098
1.11018
1.11507
1.29942
1.08607
1.0987
1.09533
1.22835
1.25749
1.97173
1.96929
1.45293
1.11105
1.59444
1.5239
1.19595
1.1798
1.09514
1.131
1.11621
1.18812
1.71025
1.18533
1.10843
1.47367
1.11599
1.09352
1.1816
1.08499
1.30019
1.28693
1.10715
1.17483
1.11619
3.13005
1.14805
1.13331
1.20503
1.45827
1.48647
1.11545
1.28474
1.0897
1.13563
1.10385
1.09243
1.37252
1.30855
1.16859
1.18287
1.4655
1.27758
1.55222
1.38029
1.4544
1.47272
1.12883
1.16513
1.08347
1.12749
1.24336
1.19944
1.44278
1.64089
1.254
1.29182
1.19928
1.11182
2.53072
1.12213
1.13581
1.24952
1.13014
2.88729
1.668
1.47163
2.78134
1.51631
1.17004
1.74816
1.27908
1.55573
1.17491
1.63461
1.62912
1.11608
1.08212
1.55573
1.21075
1.11517
1.08015
1.14595
1.31094
1.2182
1.11854
1.78859
1.50687
1.33422
1.45052
1.11474
1.09488
1.18524
1.81764
1.37155
1.10503
1.49237
1.11308
1.08893
1.44692
1.12632
1.27019
1.33453
1.20065
1.14174
1.26721
1.35757
1.67742
1.19033
1.47395
1.13429
1.25117
1.65578
1.41466
1.47007
1.18294
1.09614
1.58167
1.16544
1.52986
1.27047
1.16694
1.11524
1.11539
1.2029
1.24327
1.13555
1.25236
1.64792
1.43049
1.43593
1.41567
1.44916
1.18799
1.12652
1.21935
1.2435
1.45713
1.18891
1.10969
1.15529
1.1514
1.09739
1.51126
1.28683
1.89167
1.9435
1.51423
1.65785
1.35479
1.32847
1.45956
1.56736
1.78419
1.41837
1.30455
1.56599
1.14652
1.39074
1.11466
1.1611
1.11443
1.16714
1.13336
1.23293
1.08792
1.15524
1.30764
1.22876
1.6471
1.62814
1.36219
1.5533
1.39545
1.22451
1.46891
1.36631
1.68797
1.24282
1.24008
1.26718
2.06024
1.19344
1.4295
1.18179
1.24174
1.07814
1.10064
2.09679
1.10761
1.15864
1.21035
1.16101
1.32066
1.21447
1.5119
1.40226
1.09399
1.18506
2.21197
1.22425
1.72696
1.18373
1.67077
1.19455
1.59467
1.16215
1.60228
1.14508
1.42057
1.3947
1.87563
1.14563
2.27847
1.11448
1.29393
1.38499
1.33822
1.58238
2.19916
1.76296
1.38585
1.19135
1.29511
1.16154
1.11826
1.09509
1.32801
1.1403
1.10156
1.24835
1.20889
1.37668
1.38914
1.72953
2.34758
1.65189
1.48421
1.13334
1.30021
1.32472
1.11609
1.88964
1.34024
1.12708
1.42695
1.19035
1.34533
1.2353
1.10229
1.47564
1.74598
1.94494
1.31513
1.22408
1.28588
1.16771
1.62232
1.21101
1.57462
1.16614
2.04334
1.83618
1.40779
1.25283
2.20055
2.15035
1.13351
1.14361
1.9483
1.5935
2.54824
2.19443
2.09475
1.09512
2.21276
2.04233
1.20885
1.45159
1.24546
1.09419
1.26267
1.14609
1.47908
1.4432
1.09817
1.33934
1.16933
1.30506
1.20533
1.08026
1.39826
1.29078
1.23314
1.13627
1.44258
1.22755
1.18615
1.35335
1.18148
1.13254
1.09838
1.27364
1.19602
1.38692
1.36592
1.34831
1.29771
1.10917
1.43858
2.70891
1.15178
2.30557
1.45443
1.21828
1.18158
1.09481
1.36006
1.44283
1.23283
1.24737
1.11323
1.33966
1.54873
1.19085
1.29452
1.11814
1.17567
1.25553
1.7875
1.1355
1.35223
1.21093
1.11646
1.11809
1.11543
1.54953
1.25736
1.2855
1.32092
1.8167
1.16599
1.21782
1.13022
1.71786
1.4544
1.46378
1.84328
1.23539
1.31672
1.18229
1.40167
1.11455
1.21223
1.21168
1.10919
1.61219
1.10306
1.52437
1.13231
1.22882
1.78477
1.24721
2.5741
1.48816
1.37242
1.14063
1.36902
1.68852
1.54185
1.58751
1.3126
1.17286
2.0498
1.51753
1.19133
1.52881
2.71778
1.17415
1.17504
1.26671
1.26236
1.30362
2.4535
2.12135
2.45369
1.61473
1.74142
1.16143
1.311
1.12648
1.19489
1.69144
1.25207
1.19349
1.67531
1.73892
2.41579
1.237
1.11459
1.11506
1.21587
1.10234
1.28493
1.13852
1.72743
1.19572
1.11121
1.10079
1.38906
1.20567
1.11683
1.12523
1.51766
1.1141
1.1842
1.12058
1.4637
1.23695
1.20299
1.91085
1.18607
1.12319
1.16045
2.19709
1.75574
2.05665
2.66161
2.40956
1.17601
1.29662
1.14034
1.1549
1.16248
1.28049
1.37162
1.27408
1.67123
1.3192
1.42097
1.11762
1.10249
1.10045
1.0937
1.09782
1.12423
1.12382
1.09973
1.0887
1.55772
1.86313
1.20351
1.98218
1.11232
1.10009
1.19103
1.1028
2.0748
1.82994
1.68233
1.84246
1.71411
1.30795
2.02169
1.14331
1.12282
1.36687
1.39674
1.6306
1.0964
1.4687
1.11717
2.1504
1.21737
1.17775
1.12132
1.08872
1.5013
1.11589
1.10642
2.45402
1.20523
1.37659
1.11489
1.22653
1.10257
1.14379
1.21024
1.18545
1.4625
1.08751
1.11704
1.14885
1.12134
1.31053
1.18134
1.1171
1.10233
1.14441
1.16858
1.25723
2.14239
1.44351
2.14441
1.10406
1.75534
1.18593
1.08995
1.60158
1.6407
1.14057
1.19921
1.1311
2.07275
1.34983
1.43129
1.73418
1.44009
1.85339
1.16876
1.52995
1.12716
1.10813
1.32281
1.85278
1.15154
1.12331
1.10515
2.25189
1.55787
1.20268
1.92923
1.2092
1.72331
1.34423
1.58437
1.60744
1.26521
1.42531
1.1767
1.15609
1.19272
1.35366
1.11663
1.21109
1.38874
1.17432
1.11107
1.17807
1.2857
1.15016
1.6935
1.12023
1.09651
1.15698
1.14093
1.37789
1.18102
1.70206
1.1366
1.11462
1.10402
1.74327
1.46361
1.19429
1.11072
1.12216
1.29961
1.10344
1.47258
1.40335
1.40703
1.22928
1.7398
1.17709
1.12442
1.11854
1.39659
1.96362
1.30914
1.26045
1.15531
1.35662
1.14578
1.27786
1.24334
1.77838
1.33093
1.63072
1.37881
1.29333
1.52014
1.10928
1.47036
1.11114
1.16904
1.81131
1.59431
1.14574
1.10792
1.18063
1.14989
1.1637
1.16414
1.15789
1.55148
1.45204
1.11638
1.08475
1.18061
1.11491
1.19691
1.13949
1.14994
1.0811
1.16622
1.36652
1.15386
1.708
1.27752
1.48898
1.92054
4.35889
1.68642
1.23239
1.12155
1.26433
1.52257
1.42236
1.34857
1.15752
1.55722
1.54438
1.5948
1.0939
1.1639
1.39417
1.2769
1.35241
1.11813
1.08427
1.1229
1.86103
1.11546
1.48461
1.51537
1.11829
1.20027
1.39
1.34689
1.08548
1.83302
1.11646
1.09058
1.10543
1.18307
1.08252
1.8594
1.11266
1.12703
1.63017
1.17859
1.62543
1.28597
1.13698
1.25774
1.32941
1.14574
1.09641
1.28739
1.11316
1.53526
1.27325
1.41413
1.09994
1.56534
1.18477
1.49735
1.09102
1.32055
1.11563
1.57212
1.3442
1.28661
1.37822
1.78905
1.88131
1.33125
1.14929
1.34976
1.9159
1.19089
1.47852
1.38302
1.13253
1.43256
1.11608
1.0983
1.13564
1.14736
1.0867
1.11714
1.10231
1.16379
1.09455
1.34964
1.23511
1.60556
1.25927
1.44019
1.63344
1.19602
1.34906
1.39533
1.19843
1.3643
1.37474
1.23187
1.61819
1.23508
1.20776
1.11576
1.30536
1.34782
1.11642
1.2146
1.13101
1.39041
1.65211
1.15203
1.6727
1.80433
1.26508
1.52684
1.39911
1.14391
1.46663
1.21161
1.11583
1.22223
1.34555
1.27206
1.20709
1.1675
1.09181
1.47852
1.48486
1.25722
1.15889
1.41785
1.32185
1.21313
1.09427
1.09536
1.12561
1.09456
1.07972
1.12811
1.87661
1.36829
1.17289
1.33124
1.38289
1.17591
1.33165
1.15136
1.11728
1.08727
1.1115
1.14774
1.14368
1.16114
1.15887
1.2725
1.09298
1.29557
1.12355
1.18205
1.53805
1.11167
1.18849
1.53109
1.58212
1.20305
1.12169
1.12312
1.18636
1.33432
1.19771
1.46561
1.47843
1.17638
1.33277
1.11566
1.61952
1.24032
1.09967
1.25244
1.33129
1.36692
1.83854
1.14637
1.92312
1.34486
2.26913
1.31325
1.19492
1.11923
1.23908
2.08253
1.15564
1.10327
1.15858
1.1464
2.02726
1.26379
1.11881
1.12748
1.19209
1.23737
1.23712
1.28339
1.09292
1.58698
1.15061
1.9412
1.40289
1.41201
1.43641
1.29025
1.12281
1.35536
1.1583
1.14134
1.11807
1.33934
1.14699
1.07951
1.14557
1.67117
1.25152
1.11704
1.56387
1.11611
1.38507
1.08948
1.11714
1.43002
1.57343
1.82872
1.32009
1.27528
1.44388
1.13211
1.20504
1.92827
1.69292
1.2137
1.14511
1.79464
1.23353
1.66972
1.49794
2.50144
1.18839
1.22541
1.77485
1.46743
1.80624
1.16966
1.16655
1.83244
1.66295
1.45846
2.21363
1.69961
2.22635
1.07879
1.12882
1.14189
1.29663
1.10219
1.12441
1.13173
1.35442
1.09532
1.22748
1.45165
1.43704
1.54508
1.21274
1.52843
1.20648
1.11673
1.59334
1.48889
1.71442
1.51891
1.25886
1.27976
1.55599
1.14467
1.24649
1.13099
1.55841
1.51589
1.0959
2.04305
1.89758
1.55556
1.68975
1.21519
1.88148
1.16595
1.36827
1.1656
1.1188
1.11837
1.16465
1.11885
1.90666
1.14373
1.47399
1.1939
1.10973
1.20299
1.11947
1.25069
1.24905
1.3885
1.53127
1.12866
1.20383
1.12304
1.39042
1.39148
1.26188
1.27956
1.39988
1.66668
1.21875
1.44778
1.25096
1.11416
1.10045
1.16178
1.69323
1.17027
1.17392
1.17035
1.27459
1.48129
1.09397
1.17235
1.35481
1.30503
1.14057
1.13266
1.53191
1.18141
1.11484
1.11171
1.11479
1.3232
1.23651
1.43121
1.23567
1.5283
1.24663
1.19168
1.57715
1.41559
1.50759
1.28116
1.17766
1.19926
1.48799
1.10055
1.15575
1.29888
1.24175
1.33569
1.11738
1.1081
1.12426
1.40198
1.5641
1.33915
1.68155
1.1843
1.14701
1.16786
1.22779
1.36011
1.34137
1.70491
1.24381
1.16321
1.36886
1.78384
1.2888
1.48818
1.94302
1.16428
2.06446
1.31045
1.10196
1.56275
1.48861
1.11642
1.63783
1.34862
1.81719
1.15519
1.21952
1.45999
2.13902
1.1461
1.41658
1.22659
1.12461
1.35375
1.88888
1.24236
1.29893
1.57854
1.10156
1.22595
1.86558
1.23112
2.61131
2.72857
1.34318
1.47162
1.31104
1.20578
1.28613
1.09786
1.16428
1.2813
1.10333
1.603
1.22104
1.74642
1.62349
1.24044
1.29438
1.27375
1.2235
1.08053
1.6812
1.36853
1.12833
1.20091
1.15864
1.22155
1.25243
1.42265
1.70252
1.57005
1.43421
2.256
1.23323
1.74135
1.38955
1.22829
1.18837
1.14359
1.13208
1.48073
1.34983
1.41974
1.27938
1.38974
1.16102
1.63744
1.29479
1.45121
1.18235
1.26649
1.23303
1.44685
1.43482
2.24185
2.37196
1.24937
1.18974
1.11551
1.23389
1.11605
1.14673
1.11705
1.35115
1.1218
1.11746
1.40053
1.32798
1.25519
1.11325
1.13896
1.49792
1.10081
1.09238
1.12397
1.19543
1.0896
1.13823
1.20415
1.19295
1.59499
1.73549
1.58618
1.26143
1.09104
1.23143
1.18079
1.55666
1.51843
1.14954
1.22832
1.28337
1.75179
1.74411
1.24514
1.14351
1.90136
1.17735
1.6197
1.96826
1.47147
1.22297
1.1045
1.11776
1.86309
1.21277
1.11604
1.11556
1.21187
1.48035
1.48531
1.78569
1.24536
1.21493
1.2038
1.40383
1.20005
1.21018
1.20432
1.16413
1.14563
1.49751
1.19404
1.29102
1.70069
1.80856
1.45013
1.26019
1.14772
1.11766
1.84988
1.35397
1.11227
1.21294
1.15801
1.93715
1.14429
1.21973
1.14095
1.26974
1.11332
1.17963
1.32849
1.75211
1.07838
1.16575
1.3518
1.25602
1.3158
1.21619
1.37651
1.36533
1.23995
1.31305
1.50325
1.11518
1.42085
1.43745
1.28136
1.23954
1.74498
1.21447
1.84568
1.16025
1.24355
1.89735
1.34967
1.86236
1.6396
1.18738
1.66276
1.8578
1.89571
1.18887
1.34508
1.11715
1.55364
1.56978
2.2471
1.1085
1.11692
1.34772
2.64155
1.40984
1.69979
1.10221
1.13205
1.1686
1.36668
1.31724
1.21589
1.2471
1.55939
1.12543
2.44444
1.15407
1.91321
1.22238
1.43702
2.29485
1.48398
1.99391
1.44606
1.96973
1.93847
2.1063
2.18695
1.2469
1.18044
1.31207
1.19535
1.15448
1.2106
1.11744
1.34181
1.33755
1.36609
1.55247
1.21389
1.16489
1.1192
1.20618
1.84507
1.22521
1.42208
1.14625
1.56246
1.47741
1.55879
1.40407
1.29624
1.16474
1.55538
1.13504
1.91858
1.17979
1.18601
1.18511
1.11508
1.11697
1.13806
1.12611
1.12243
1.0964
1.12913
1.08724
1.09175
1.51298
1.25785
1.11271
1.4516
1.17546
1.16173
1.10774
1.16857
1.09145
1.23673
1.29798
1.65385
1.11403
1.0871
1.1689
1.43812
1.11767
1.27365
1.10751
2.0273
1.08693
1.45719
1.12522
1.09644
1.11644
1.17188
1.0974
1.20031
1.27561
1.54376
1.24835
1.10829
1.10039
1.53385
1.39073
1.55706
2.19717
1.1203
1.14864
1.18478
1.17222
1.91623
2.0767
1.1816
1.10702
1.17807
1.10727
1.7597
1.40916
1.4342
1.26626
1.42297
1.10978
1.30371
1.26044
1.17282
1.41456
1.40204
2.01102
1.69671
1.53625
1.25269
1.77971
1.1467
1.31175
1.88577
1.09622
1.34012
1.26694
1.33435
1.31257
1.27186
1.26653
1.27132
1.52796
1.35297
1.29622
1.17544
1.13904
1.30867
1.13779
1.22547
1.41875
1.08496
1.28843
1.18505
1.38612
2.59274
1.1452
1.09187
2.1179
1.49861
1.43748
1.64502
1.44036
1.27622
1.26637
1.38286
1.58571
1.3098
1.15026
1.5414
1.20148
1.14845
1.69475
1.67073
2.13225
1.3844
1.58902
1.62129
1.55289
1.44382
1.12946
1.35186
1.17808
1.15201
1.08586
1.1295
1.14775
1.14327
1.4532
1.16193
1.22858
1.09923
1.11334
1.4504
1.27691
1.63309
1.47037
1.12534
1.4426
1.16214
1.1407
1.42639
1.4173
1.11988
1.70316
1.35881
1.28113
1.26064
1.32854
1.17318
1.14833
1.1192
1.48788
1.45224
1.37308
1.185
1.14824
1.13148
1.4682
1.17788
1.21396
1.25273
1.55021
1.19562
2.01946
1.11612
1.20914
1.64147
1.32959
1.32068
1.52713
1.17915
1.22711
1.14028
1.60295
1.46696
1.68207
1.71243
1.31979
1.13876
1.74837
1.46559
1.62774
1.32014
1.29368
1.23737
1.11413
1.73564
1.50936
1.15703
1.11517
1.17578
1.10881
1.19992
1.11261
1.74137
1.83196
1.56294
1.45782
1.51953
1.39549
1.75761
1.15944
1.09493
1.22028
1.16741
1.10033
1.24642
2.00358
1.42741
1.57375
1.15463
1.14526
1.6609
1.1624
1.11168
1.31999
1.1823
1.62499
1.4006
1.28786
1.10048
1.26517
1.29154
1.11672
1.26063
1.31964
1.36245
1.26161
1.09649
1.21512
1.08886
1.28053
1.12753
1.42636
1.10206
1.13768
1.15123
1.30065
1.23044
1.08763
1.23567
1.15073
1.28689
1.33463
1.11318
1.16464
1.12023
1.69988
1.66429
1.51372
1.68597
1.43956
1.39073
1.14302
1.11961
1.6402
1.22434
1.15422
1.33448
1.71314
1.18076
1.12887
1.92057
1.33654
1.14555
1.69761
1.79413
1.10718
1.45167
1.18271
1.18979
1.16949
1.12822
1.13542
1.75112
1.20279
1.42436
1.21561
1.11816
1.59
1.18187
1.16
1.09806
1.11379
1.0986
1.12689
1.11559
1.59143
1.09812
1.14984
1.5378
1.40297
1.34525
1.1173
1.29206
1.1921
1.19799
1.38706
1.20717
1.2241
1.19177
1.2587
1.66844
1.20208
1.15476
1.2134
1.30202
1.39723
1.1775
1.11137
1.62534
1.20781
1.7252
1.22712
1.16902
1.4978
1.4317
1.11534
1.75632
1.22404
1.57437
1.1726
1.1601
1.14334
1.26236
1.14915
1.14785
1.11596
1.25052
1.11364
1.11262
1.10721
1.46859
1.54354
1.11453
1.10198
1.67428
1.19803
1.60064
1.15378
1.39148
1.35632
1.11548
1.12986
1.68748
1.39044
1.09286
1.38949
1.11212
1.60869
1.60678
1.25008
1.22585
1.85763
1.08733
1.29947
2.04524
1.11505
1.41876
1.19937
1.10817
1.0865
1.28046
1.10758
1.27659
1.3148
1.11591
1.0941
1.10397
1.70736
1.08645
1.11338
1.22125
1.10414
1.10462
1.23134
1.71253
1.18063
1.22506
1.48146
1.20996
1.13964
1.54315
1.14495
1.36941
1.07798
1.26307
1.08494
1.13609
1.45006
1.59694
1.12613
1.86978
1.66132
1.26789
1.32744
1.30343
1.39078
1.11619
1.11755
1.6309
1.14113
1.41968
1.36912
1.15891
1.87664
1.10535
1.49891
1.31901
1.2782
1.663
2.08598
1.89398
1.73854
1.44632
1.29057
1.33382
2.35553
1.19285
2.44403
1.44241
1.36863
1.19287
1.59572
1.72503
1.46992
1.45781
1.39375
1.45424
1.31528
1.29078
1.25575
1.3051
1.82085
1.15347
1.25967
1.31437
1.94111
1.14197
1.21729
1.84311
1.31162
1.10991
1.33311
1.57627
1.37597
1.41564
2.27548
2.205
1.44784
1.23664
1.44591
1.4023
1.33344
1.95724
1.44245
2.20534
1.48381
1.2938
1.16672
1.79378
1.11767
1.15476
1.15618
1.26318
1.2269
1.75764
1.17434
1.08694
1.22643
1.14688
1.19069
1.2395
1.78598
1.10606
1.19722
1.10421
1.20194
1.3938
1.65103
1.15758
1.30359
1.85429
1.3529
1.17314
1.66558
1.71172
1.24893
1.24792
1.52908
1.4014
1.62565
1.83858
1.59656
1.82339
1.29793
1.34498
1.2046
1.13799
1.2606
1.30187
1.16166
1.23812
1.13035
1.09736
1.09193
1.61672
1.18017
1.54941
1.83866
1.30679
1.53611
1.16621
1.1142
1.62287
1.11772
1.11941
1.23699
2.02101
1.09716
1.83318
1.45318
2.37004
1.1017
1.60161
1.11957
1.09573
1.66346
1.72936
1.2172
1.87816
1.16942
1.15939
1.09685
1.85473
1.75241
2.18613
1.24528
1.14117
1.0919
1.11546
1.42115
1.86201
1.16284
1.15252
1.20667
1.31056
1.90613
1.11212
1.11192
1.11633
1.5946
1.52406
1.11403
1.18816
1.23051
1.36176
1.66191
1.14077
1.99666
1.16305
1.5106
1.24722
1.09671
1.25838
1.23525
2.4471
1.46254
1.97222
1.2062
1.29075
1.16137
1.18545
1.45462
1.60929
1.19825
1.09992
1.36223
1.24147
1.76518
1.43444
1.294
1.1639
1.09434
1.0965
1.12946
1.11302
1.62757
1.3974
1.23786
1.50089
1.87992
1.40354
1.47668
1.27034
1.54511
2.46908
1.2128
1.11592
1.21574
1.08444
1.17481
1.3332
1.30052
1.15905
1.12684
1.20268
1.19771
1.23948
1.41744
1.1934
1.16859
1.08132
1.11321
1.11809
1.1596
1.46852
1.29402
1.13275
1.10396
1.76498
1.6867
1.76324
1.68126
1.32919
1.6464
1.15259
1.69614
1.08361
1.47033
1.12603
1.39912
1.32025
1.18059
1.24265
1.29813
1.12199
1.11004
1.36736
1.09821
1.1157
1.19494
1.37695
1.34829
1.21305
1.18397
1.57096
1.4318
1.14961
1.0945
1.39697
1.15706
1.30431
1.41545
1.08967
1.3519
1.48758
1.09459
1.1138
2.02384
1.78985
1.58838
1.33887
1.23084
1.80217
1.15909
1.22094
3.05613
1.4738
1.45182
1.75502
1.97577
1.78077
1.14977
1.36435
1.65112
1.18875
1.34015
1.11558
1.18144
1.34979
1.19103
1.43685
1.31099
1.30762
1.11637
1.11551
1.11639
1.93872
2.20425
1.42628
1.10143
1.23645
1.0885
1.63139
1.50776
1.37476
1.43747
1.09226
1.25117
1.12758
1.0923
1.09473
1.55847
2.21791
1.98676
1.72546
1.11158
1.62779
1.34608
1.11545
1.21671
1.11449
1.31838
1.14356
1.1912
1.28979
1.14087
1.27053
1.11468
1.23245
1.18339
1.15289
1.12369
1.85679
1.41217
1.41531
1.39796
1.88803
1.19853
1.30597
1.08967
1.10691
1.57111
1.24347
1.13378
1.66811
1.1564
1.37454
1.11263
1.7159
1.20792
1.56823
1.24832
1.11447
1.15464
1.21021
1.10343
1.11649
1.14467
1.6685
1.64834
1.22083
2.13762
1.52908
1.1363
1.12503
1.21079
1.26395
1.25535
1.15915
1.10706
1.08817
1.16171
1.35297
1.37716
1.08789
1.09367
1.08394
1.93794
1.16371
1.44714
1.1753
1.39925
1.21985
1.9165
1.12101
1.84628
1.11538
1.25979
1.24175
1.18802
1.14835
1.20011
1.39808
1.12525
1.3778
1.29632
1.5052
1.14357
1.09598
1.35854
1.86791
1.31088
1.24582
1.74263
1.25177
1.72063
1.20773
1.38917
1.70654
2.10676
1.14226
1.17293
1.88529
1.98008
1.6959
1.32904
1.87347
1.1207
1.26463
1.26979
1.73004
1.21509
1.57526
1.58283
1.19741
1.75473
1.12191
1.11643
1.23176
1.11889
1.12818
1.17871
1.08501
1.10469
1.43501
1.89765
1.15443
1.58785
1.11733
1.09294
1.32175
1.65547
1.2724
1.17108
1.32644
2.0595
1.24344
1.22321
1.23709
2.54803
1.21863
1.13288
1.73403
1.11307
1.34606
1.2269
1.13691
1.10416
1.13516
1.53276
1.25095
1.1146
1.74742
1.27
1.53553
1.82215
1.28999
1.21327
1.18364
1.17139
1.11427
1.78845
1.19466
1.91496
1.43248
1.18379
1.37012
1.41693
1.68119
1.40144
1.41232
1.72911
1.2318
1.12105
1.18011
2.32083
1.15661
1.51687
1.25934
1.22136
1.34913
1.1408
1.93013
1.17965
1.18783
1.27767
2.22619
1.39061
1.14145
1.08391
1.2851
1.11784
1.11251
1.15116
1.11383
1.16921
1.11871
1.11721
1.19901
1.50099
1.16654
1.17271
1.12881
1.40325
1.53914
1.19741
1.3403
1.11315
1.76416
1.261
1.18707
1.26453
1.35385
1.29808
1.14483
1.16027
1.14594
1.35804
1.10065
1.33082
1.345
1.37362
1.35137
1.9092
1.32961
1.10086
1.2532
1.10942
1.24693
1.31455
1.20853
1.15958
1.28393
1.11309
1.10086
1.12833
1.67417
1.31033
1.76762
1.25915
1.42323
1.39142
1.24829
1.32153
1.31583
1.25627
1.43444
1.12258
1.33402
1.17015
1.37614
1.28204
1.11794
1.31635
1.09404
1.11615
1.4569
1.41448
1.20435
1.3761
1.13007
1.19921
1.16499
1.61938
1.14476
1.23695
1.41281
1.15462
1.3134
1.41814
1.1865
1.08336
1.22491
1.11292
1.20763
1.10424
1.63127
1.36227
1.46307
1.2367
1.26458
1.2424
1.22342
1.24552
1.20506
1.0922
1.13601
1.14626
1.48082
1.12299
1.41622
1.80558
1.1468
1.24182
1.10769
1.34571
1.36031
1.18203
1.29419
1.80514
1.12746
1.64698
1.59686
1.20007
1.15518
1.12981
1.18583
1.13307
1.38379
1.1581
1.24828
1.11394
1.2463
1.37102
1.28939
1.24331
1.1169
1.66858
1.20652
1.11899
1.25219
1.16252
1.54087
1.42078
1.12613
1.13143
1.33458
1.15047
1.24511
1.3319
1.0818
1.08172
1.70479
