1.99244
2.38274
2.14093
1.28861
1.31473
1.17344
1.41863
1.26603
1.23092
1.64746
1.39871
1.43385
1.18792
1.57911
1.09045
1.12443
1.13297
1.11423
1.16475
1.60741
2.11961
1.4362
1.15602
1.11505
1.35448
1.12285
1.11501
1.30174
1.23529
1.25886
1.66374
1.33225
1.09334
1.3944
1.40685
1.23516
1.11534
1.15378
1.08395
1.10611
1.12349
1.32467
1.59318
1.13604
1.24809
1.15728
1.14625
1.17114
1.13698
1.11691
1.11632
1.37352
1.69557
1.42794
1.66808
1.50476
1.28968
1.23003
1.77145
1.43859
1.17181
1.36842
1.20022
1.12461
1.23227
1.10185
1.3776
1.56468
1.50635
1.77222
1.86253
1.87299
1.63951
1.18745
1.80512
1.46022
1.37176
1.23413
1.33174
2.0917
1.24663
1.23297
1.1167
1.11638
1.11826
1.18938
1.28535
1.11544
1.11528
1.43131
1.13119
1.17236
1.53573
1.12596
1.21774
1.4457
1.37155
1.28912
1.49157
1.20602
1.23066
1.22071
1.14126
1.15246
1.26394
1.22614
1.08601
1.14532
1.08094
1.56415
1.3604
1.11802
1.48166
1.26947
1.20951
1.22005
1.22702
1.3706
1.14066
1.17372
1.15603
1.81801
1.26508
1.20498
1.67247
1.09239
1.45473
1.3294
1.63627
1.23458
1.11552
1.19895
1.24155
1.18531
1.1178
1.2829
1.31361
1.49722
1.11492
1.22809
1.67587
1.37984
1.5221
1.39078
1.28215
1.28444
1.22601
1.38726
1.40664
1.13351
1.40951
1.67067
1.31982
1.10935
1.09398
1.14514
1.09696
1.14222
1.09198
1.62235
1.22994
1.19213
1.16577
1.1009
1.15979
1.18574
1.11742
1.11513
1.18107
1.09983
1.18713
1.778
1.30159
1.28865
1.60661
1.94949
2.16892
1.20739
1.15565
1.41462
1.11699
1.09504
1.08905
1.4996
1.24517
1.3228
1.25887
1.11834
1.17646
1.28111
1.08877
1.14622
1.8391
1.88747
1.87769
1.84725
1.11615
1.11495
1.16094
1.18336
1.11631
1.10173
1.43585
1.11358
1.82572
1.76955
1.69577
1.19849
1.68058
1.11654
1.28549
1.29776
2.26178
2.95109
1.33668
1.14359
1.36327
1.50791
1.24559
1.35754
1.17315
1.27841
1.11297
1.08286
1.11517
2.24592
1.13037
1.11591
1.11931
1.63492
1.33234
1.10053
1.14912
1.12279
1.12549
3.22631
2.2225
1.95954
2.80241
1.72621
1.4471
1.81851
1.19535
1.29236
1.12657
1.24379
1.37449
1.33542
1.11593
1.59973
1.35133
1.11593
1.22649
1.11682
1.247
1.23377
1.11671
1.12874
1.11971
1.1172
1.33605
1.78548
1.42118
1.26193
1.19865
1.98264
1.13517
1.08109
1.13146
1.13763
1.473
1.80746
1.64313
1.71226
1.43247
1.48081
1.38428
1.66994
1.34036
1.65128
1.17937
1.15997
1.11521
1.12022
1.08206
1.19171
1.16511
1.64779
1.11461
1.08821
1.98726
1.25583
1.18426
1.1157
1.18873
1.10011
1.57205
1.91264
1.34501
1.15832
1.08539
1.31451
1.39133
1.66738
1.52374
1.11659
1.79427
1.32273
1.53988
1.22253
1.13529
1.11575
1.17459
1.24952
1.43912
2.28419
2.60205
1.15668
1.10481
1.13573
1.11376
1.09095
1.39063
1.50774
1.68057
2.03771
1.64567
1.24892
1.32489
1.23367
1.19361
1.1675
1.11359
1.67587
1.17476
1.12376
2.65815
1.41342
1.51633
1.3267
2.11657
1.28913
1.41068
1.21063
1.20748
1.28962
1.5394
1.11738
1.45065
1.08957
1.15273
1.1666
1.12503
1.16164
1.1145
1.18538
1.21393
1.12172
1.08214
1.66957
1.79603
1.67088
1.19773
1.53821
1.65921
1.2662
1.37956
1.10829
1.14237
1.11538
1.46484
1.10745
1.2969
1.62588
2.02669
1.38948
2.1887
1.76654
1.66453
1.26193
1.11231
1.12223
1.1861
1.20625
1.19287
1.15814
1.3799
1.08461
1.16169
1.24167
1.13356
1.48466
1.59713
1.33429
1.41991
1.11622
1.0889
1.10789
1.09793
1.33527
1.7464
2.02312
1.13984
1.56461
1.83559
1.15919
1.54802
1.10937
1.72431
1.27794
1.21027
1.53402
1.59175
1.80461
1.22592
1.34306
1.24695
1.14751
1.13097
1.15184
1.13446
1.48364
1.1254
1.16414
1.35499
1.74715
1.14973
1.11849
1.09743
1.1631
1.11217
1.11223
1.30172
1.45228
1.4854
1.42018
1.41511
1.34981
1.39521
1.24197
1.28629
1.61775
1.30107
1.11382
1.26641
1.14635
1.1258
1.19556
1.20624
1.15198
1.14476
1.09636
1.39628
1.26452
1.50453
1.08659
1.55774
1.60137
1.22907
1.33995
1.2769
1.15024
1.21126
1.20717
1.28705
1.11689
1.13026
1.47248
1.11272
1.20327
1.73673
1.46656
1.30054
1.22218
1.25709
1.18373
1.24704
1.13983
1.1834
1.11469
1.41012
1.23552
1.10722
1.18678
1.08642
1.09739
1.74412
1.69734
1.72297
1.19297
2.26439
1.43894
1.4352
1.33174
2.33128
1.25991
1.30655
1.41621
1.21825
1.19397
1.11509
1.96781
1.11542
1.21114
1.89682
1.82223
2.20099
2.28356
2.28129
1.52396
1.11675
1.33214
1.18581
1.19499
1.13411
1.11463
1.32331
1.10984
1.81282
1.44693
1.10391
1.80956
1.54273
1.08209
1.16397
1.14614
1.12914
1.16507
1.13142
1.11494
1.12463
1.12085
1.11045
1.13863
1.11413
1.29105
1.13119
1.41059
1.11628
1.50476
1.11911
1.18844
1.24077
1.21008
1.76977
1.16332
1.09259
1.17485
1.29426
1.08702
1.73733
1.90265
3.1289
1.42675
1.35364
2.33825
2.67244
1.21363
1.29316
1.09237
1.47236
1.13759
1.5644
1.25514
1.12295
1.12032
1.14749
1.63517
1.49736
1.11852
1.32611
1.19673
1.08752
1.25252
1.18141
1.16367
1.47719
1.8655
1.589
1.52325
1.81753
2.01138
1.18669
1.27424
1.22829
1.38328
1.17094
1.41776
1.28876
1.08155
1.17995
1.12248
1.1104
1.1387
1.18605
1.29565
1.24087
1.25721
1.47702
1.33516
1.50258
1.63402
1.6864
1.16922
1.24625
1.12449
1.2928
1.37813
1.31077
1.12572
1.14377
1.28243
1.1446
1.11726
1.14389
1.11852
1.2302
1.12362
1.17639
1.29528
1.20422
1.67861
1.70868
1.62254
1.17474
1.30965
1.32952
1.33733
1.16376
1.23506
1.2191
1.21626
1.14418
1.1533
1.1227
1.48336
1.10809
1.08671
1.4375
1.10149
1.09159
1.22915
1.49188
1.68471
1.8234
1.48408
1.20354
1.15645
1.1491
1.1569
1.23309
1.21455
1.19562
1.56804
1.73061
1.27306
1.29909
1.13793
1.11926
1.11478
1.11678
1.17999
1.2556
1.31393
1.09092
1.16176
1.14617
1.11388
1.36557
1.16665
1.19493
1.22126
2.01118
1.57894
1.30816
1.82661
1.98421
1.19019
1.15356
1.267
1.29044
1.11915
1.09055
1.13334
1.1609
1.47053
1.54604
1.54847
1.11399
1.10075
1.14137
1.1745
1.1578
1.11019
1.28815
1.25312
1.1839
1.15201
1.17666
1.45187
1.13998
1.09847
1.13897
1.21342
1.13947
1.34778
1.83285
2.1956
2.01655
2.35999
1.48919
1.92328
2.06046
1.20379
1.46146
1.13657
1.16082
1.08252
1.53124
1.64788
1.23514
1.38926
1.11565
1.54138
1.11611
1.47015
1.11361
1.18611
1.20911
1.29434
1.12777
1.72069
1.42895
1.81083
1.60053
1.35205
1.1874
1.53592
1.41187
1.52682
1.99853
1.46584
1.17094
1.11489
1.10833
1.32688
1.41494
1.11056
1.1107
1.21333
1.16478
1.21042
1.11663
1.67474
1.4458
1.23392
1.34215
1.164
1.22685
1.62401
1.0931
1.28403
1.17319
1.55635
1.30109
1.235
1.23412
1.11707
1.36986
1.13734
1.24024
1.33487
1.18683
1.15551
1.15111
1.11776
1.11026
1.08391
1.18513
1.13077
1.2354
1.43326
1.33786
2.00928
1.77763
1.22721
1.25143
1.28166
1.38764
1.20798
1.31597
1.37594
1.37121
1.12433
1.15713
1.8401
2.00012
1.99252
1.71398
1.59168
1.70398
1.32908
1.19065
1.30396
1.11606
1.20498
1.10863
1.32551
1.12507
1.11513
1.56065
1.7801
1.95013
2.86061
1.58763
1.13409
1.21161
1.24207
1.28852
1.11863
1.50147
1.22295
1.16551
1.46875
1.1484
1.15362
1.20335
1.10487
1.15139
1.18937
1.11361
1.87844
1.62856
2.82787
1.41553
1.29909
1.95468
1.33883
1.17481
1.24469
1.26539
1.14511
1.33182
1.14655
1.17977
1.35676
1.12033
1.12836
1.40556
1.49115
1.25812
2.29244
1.14001
1.18831
1.22557
1.36793
1.5342
1.23885
1.40257
1.4919
1.48511
1.23952
1.11676
1.48648
1.12021
1.31777
1.53465
1.33156
1.51711
1.47683
1.55232
1.41673
1.19917
1.11402
1.53558
1.56621
1.62412
1.71035
1.48866
1.51743
1.83495
1.4001
1.84078
1.61651
1.37704
1.48272
2.11661
2.30801
1.80503
1.18528
1.11685
1.19382
1.35027
1.11975
1.15978
1.3444
1.21841
1.38316
1.23417
1.1204
1.13985
1.14233
1.60552
2.20613
2.13342
1.83437
1.11934
1.17317
1.10895
1.13221
1.08628
1.50135
1.59987
1.5385
1.57905
1.23759
1.32032
1.68085
1.95358
1.36277
1.17898
1.19687
1.39693
1.0878
1.16479
1.11197
1.36635
1.36936
1.11572
1.11506
1.66548
1.46829
1.58318
1.85365
2.1873
2.44499
2.31913
1.24078
1.59305
1.6798
1.11707
1.33642
1.60591
1.32592
1.36757
1.36305
1.11691
1.15899
1.21382
1.13239
1.20652
1.17855
1.15552
1.09711
1.14485
1.39087
1.14927
1.5284
1.66493
1.43689
1.41621
1.42665
1.34577
1.89534
1.84768
2.38984
1.18049
1.27879
1.12238
1.39982
1.2672
1.24656
1.17398
1.17281
1.2074
1.22477
1.30345
1.32121
1.19611
1.11586
1.21911
1.11342
1.12159
1.12762
1.15335
1.16376
1.10011
1.48072
1.149
1.65771
1.55422
1.68582
1.64393
1.09817
1.11424
1.17063
1.22139
1.11334
1.1867
1.5033
1.33102
1.32509
1.33198
1.37728
1.51511
1.31279
1.26954
1.10571
1.11593
1.15361
1.13409
1.11554
1.15815
1.14275
1.11585
1.10482
1.65407
1.24899
1.11286
1.63502
1.43338
1.86149
1.30898
2.13182
1.93682
1.11518
1.14384
1.23797
1.42301
1.1348
1.16484
1.22221
1.11429
1.52707
1.59781
1.09235
1.15535
1.09735
1.08418
1.11224
1.10283
1.54092
1.55761
1.62965
1.95786
1.41984
1.90582
1.17252
1.1229
1.24264
1.28575
1.43586
1.19887
1.22865
1.11698
1.26704
1.15928
1.14909
1.13881
1.30555
1.12744
1.11611
1.11403
1.11488
1.09969
1.22689
1.59882
1.28253
1.21051
1.29288
1.36518
1.21647
1.38804
1.16399
1.18284
1.11591
1.11572
1.11734
1.11798
1.09594
1.11595
1.27706
1.10967
1.14937
1.23458
1.08923
1.66339
1.5158
1.80062
1.6263
1.76554
1.11538
1.08477
1.30307
1.11497
1.18377
1.24398
1.54039
1.23168
1.11376
1.15128
1.15972
1.56605
1.19456
1.21097
1.37086
1.23873
1.11589
1.94475
1.29297
1.35406
1.15123
2.15791
1.34326
1.27712
1.45111
1.51854
1.49017
1.65902
1.86929
1.70823
1.45223
1.1112
1.26195
1.28156
1.29579
1.09847
1.11639
1.16585
1.21064
1.09274
1.43518
1.15821
1.92227
1.55732
1.22359
1.11372
1.33816
1.11748
1.29545
1.30224
1.23715
1.63264
1.12228
1.13653
1.12634
1.11958
1.18602
1.61668
1.36411
1.72082
2.4705
1.40056
1.1173
1.42898
1.37646
1.21194
1.11595
1.08836
1.21443
1.20973
1.34075
1.89251
1.19807
1.19171
1.11695
1.25174
1.28649
1.7739
2.60147
1.26618
1.10142
1.17001
1.26764
1.16499
1.43585
1.11804
1.09151
1.10527
1.24569
1.65183
1.86242
1.87427
1.50372
2.17418
1.37132
1.52598
1.40118
1.11203
1.1183
1.12171
1.16415
1.41081
1.54016
1.23578
1.7816
1.14001
1.17546
1.14124
1.18527
1.39843
1.39423
1.69392
1.63377
1.91782
1.11359
1.25337
1.11424
1.61206
1.53791
1.3124
1.41642
1.07925
1.14149
1.27012
1.16771
1.2071
1.12403
1.27793
1.24728
1.57437
1.74228
1.765
1.11279
1.1079
1.11828
1.25468
1.13656
1.14837
1.7911
1.18091
2.8193
1.2361
1.12024
1.61588
1.74994
2.31028
2.33232
1.15738
2.36773
1.57667
1.15833
1.44034
1.1436
1.32363
1.11583
1.12399
1.21216
1.18486
1.37546
1.12249
1.10795
2.52219
1.23723
1.51849
1.34515
1.31992
2.0036
1.67061
1.3477
1.3062
1.11601
1.20916
1.26774
1.32259
1.27517
1.26448
1.20672
1.2791
1.18914
1.09755
1.09593
1.10117
1.98108
1.86929
1.57467
1.2736
1.39169
1.39467
1.24187
1.14694
1.21466
1.25428
1.76443
1.52307
1.13562
1.68513
1.28754
1.27746
1.43854
1.42201
2.02324
2.09204
1.1764
1.65631
1.11634
1.11693
1.31402
1.26599
1.20178
1.14602
1.11937
1.12144
1.26756
1.45526
1.43359
1.26596
1.10662
1.2421
1.61604
1.20021
1.17389
1.19172
1.09779
1.09869
1.10882
1.1106
1.11282
1.42604
1.82486
1.0903
1.08893
1.70715
1.74772
1.29528
1.48523
1.967
2.07196
1.79203
1.72523
1.61749
1.40237
1.17928
1.21711
1.12962
1.19748
1.11743
1.16604
1.54683
1.16999
1.13258
1.23742
1.18046
1.1887
1.16236
1.09871
1.09677
1.08532
1.1142
1.149
1.11163
1.08251
1.43664
1.25985
1.94795
2.00361
2.11108
2.13432
2.08265
1.26356
1.22193
1.11299
1.31284
1.56049
1.33803
1.26267
1.16156
1.1084
1.6361
1.39924
1.12607
1.24149
1.13057
1.53752
1.38224
1.16269
1.12726
1.12404
1.15097
1.14143
1.09239
1.08799
1.59525
1.08681
1.10117
1.47432
2.47871
1.46368
1.1091
1.11828
1.23606
1.70855
1.84086
2.05483
1.13026
1.37546
1.22519
1.19445
1.22124
1.34242
1.47474
1.11479
1.16858
1.26774
1.65821
1.26955
1.17142
1.4021
1.17124
1.1304
1.29761
1.23025
1.09653
1.11528
1.10255
1.18303
1.13885
1.13974
1.10476
1.10238
1.10732
1.43454
2.30236
2.55891
1.13527
1.18401
1.16039
1.2982
1.71036
1.32697
1.26193
1.35365
1.2885
1.2674
1.17883
1.21827
1.25488
1.63392
1.15549
1.25649
1.09092
1.14925
1.24519
1.11625
1.12333
1.15215
1.08815
1.15584
1.12071
1.08645
1.16114
1.12064
1.81975
2.45035
1.62795
1.77706
1.75977
1.46831
1.58271
2.53255
2.38879
1.5379
1.20218
1.30713
1.34097
1.7124
1.72258
1.42362
1.20039
1.32235
1.13869
1.30478
1.18409
1.28373
1.28181
1.30224
1.56115
1.30467
1.14005
1.19503
1.12744
1.09766
1.10672
1.10362
1.74555
1.19964
1.92004
2.01943
1.734
1.31595
1.3262
1.21155
1.41818
1.30565
1.15969
1.36694
1.17342
1.82787
1.11349
1.11234
1.17428
1.13233
1.11899
1.11479
1.10842
1.20533
1.14785
1.92445
2.0667
2.43197
1.14091
1.11776
1.08054
1.36954
1.33939
1.11858
1.83711
1.62384
1.35704
1.78515
1.26415
1.51627
1.42437
1.76814
1.23443
1.36182
1.18426
1.34682
1.42337
1.22786
1.18114
1.38488
1.29461
1.09372
1.21085
1.11587
1.10052
1.11085
1.1519
1.1235
1.23268
1.11361
1.0895
2.04403
1.56989
1.54832
1.50313
1.28675
1.23362
1.28364
1.29062
1.3939
1.11295
1.6116
1.39012
1.23071
1.11545
1.12902
1.51998
2.41295
1.87106
1.10414
1.11552
1.28638
1.23604
1.27585
1.68907
1.27132
1.1588
1.09158
1.1517
1.11444
1.09713
1.44291
1.64672
1.77499
1.94019
1.3417
1.35413
1.58509
1.16577
1.14023
1.16461
1.23783
1.20752
1.28538
1.11362
1.21484
1.12383
1.28312
1.12375
1.09755
1.23599
1.13465
1.10668
1.31835
2.50917
1.5321
1.77314
1.47812
1.11435
1.15373
1.11687
1.11902
1.1407
1.21093
1.70668
1.24745
1.32662
1.11684
1.12167
1.14165
1.80035
1.36633
1.14067
1.10848
1.15014
1.18909
1.18043
1.3515
1.44603
1.54984
1.45964
1.48285
1.70052
1.27497
1.36412
1.92495
1.22922
1.10677
1.87657
1.26241
1.14415
1.96613
1.35458
1.26391
1.12163
1.1845
1.11282
1.19612
1.31028
1.17951
1.47224
1.58996
1.18444
1.11593
1.31656
1.11703
1.36673
1.14372
1.21242
1.1508
1.12374
1.12028
1.11766
1.12446
1.33633
1.41627
1.57273
1.4864
1.45891
1.63834
1.134
1.20425
1.22143
1.11846
1.47701
1.27701
1.25561
1.23023
1.11491
1.21588
1.11782
1.29523
1.13494
2.07359
1.31456
1.3232
1.51547
1.16951
1.32842
1.19591
1.54888
1.25826
1.35368
1.36801
1.15993
1.32315
1.64033
1.10582
1.22713
1.13228
1.11255
1.18882
1.15331
1.16436
1.19236
1.24715
1.66872
1.93836
1.31903
1.33214
1.25743
1.86593
2.50426
1.85499
1.41247
1.29764
1.24873
1.34951
1.33165
1.28875
1.11655
1.1162
1.27316
1.1596
1.17613
1.39566
1.72434
1.20603
1.73464
1.11711
1.17764
1.20984
1.2024
2.01929
1.61508
1.75779
1.81858
2.07448
1.123
1.49837
1.23288
1.16504
1.08251
1.16108
1.20951
1.25439
1.17067
1.20698
1.09782
1.12178
1.14461
1.29473
1.13428
1.09381
1.2528
1.22998
1.10852
1.1283
1.40696
1.24418
1.22821
1.10268
1.1174
1.14039
1.11355
1.16286
1.12055
1.84385
1.38378
1.32536
1.38117
1.15547
1.41397
1.15532
1.11186
1.09129
1.08216
1.58414
1.89127
1.1551
1.18656
1.22807
1.94124
1.21717
2.0517
1.33211
1.45963
1.50845
1.47942
1.46897
1.11599
1.7718
1.15348
1.20761
1.14432
1.51802
1.5092
1.12025
1.14758
1.14652
1.71385
1.51807
1.29952
1.43682
1.44138
1.37162
2.00349
1.3235
1.17121
1.11345
1.16665
1.18455
1.134
1.17514
1.13996
1.11595
1.22671
2.13252
1.58495
2.28578
1.25125
1.22484
1.23002
1.17033
1.15197
1.11438
1.14556
1.16104
1.29847
1.08485
1.08353
1.09661
2.06503
1.5439
1.60488
2.06218
1.47976
1.85217
2.25389
1.17501
1.53382
1.11804
1.09144
1.23429
1.2155
1.16023
1.17638
1.18251
1.23098
1.16914
1.15957
1.11269
1.1289
1.10426
1.23554
1.15423
1.12136
1.08677
1.16698
1.1873
1.54715
1.15998
2.01297
2.07413
1.11788
1.53774
1.82865
1.52173
1.33835
1.46074
1.6648
1.2791
1.72857
1.30502
1.1311
1.11797
1.65043
1.14289
1.28608
1.11622
1.28801
1.16697
1.127
1.13997
1.11539
1.22669
1.36709
1.9427
2.16759
2.41064
1.96025
1.3845
1.44768
1.23985
1.24613
1.2365
1.34098
1.1662
1.23889
1.35205
1.18976
1.17579
1.17655
1.20973
1.23902
1.23176
1.32808
1.18898
1.41085
1.10618
1.10107
1.84518
1.59937
1.76147
1.50946
1.84744
1.48169
1.29759
1.33344
1.35659
1.24148
1.52178
1.14847
1.11651
1.11411
1.38377
1.62099
1.09431
1.82564
1.73425
1.737
1.74736
1.34771
1.38621
1.69426
1.43377
1.25047
1.35245
1.45148
1.4319
1.33161
1.21205
1.35848
1.12503
1.28781
1.1153
1.2911
1.99641
1.15099
1.13398
1.09572
1.37477
1.18954
1.39333
1.55127
1.27326
1.26471
1.11712
1.19792
1.50069
1.24365
1.2345
1.16504
1.36483
1.11649
1.40124
1.27605
1.4569
1.11515
1.14548
1.19168
1.15242
1.23447
1.09507
1.20677
1.11249
1.99618
1.63358
1.51522
1.52909
1.34878
1.29513
1.57803
1.9297
1.23889
1.15691
1.17585
1.17803
1.11541
1.11634
1.19273
1.10814
1.09809
1.45461
1.43381
1.32017
1.53361
1.18591
1.17458
1.31456
1.11533
1.12662
1.41766
1.25846
1.76063
1.86105
1.2983
1.63251
1.46516
1.65404
1.42917
1.4196
1.35455
1.12442
1.12448
1.13496
1.09744
1.61329
1.76615
1.52657
2.10544
2.18553
1.70856
1.47746
1.10802
1.86822
1.11651
1.22035
1.11659
1.11596
1.11663
1.35308
1.2557
1.11479
1.12163
1.10758
1.08934
1.58313
1.23258
1.59058
1.21884
1.17306
1.44227
1.14271
1.25641
1.22369
1.10613
1.09241
1.13979
1.38486
1.46325
1.31545
1.28877
1.25409
1.11833
1.25011
1.08611
1.13914
1.78098
1.81446
1.26479
1.12412
1.56861
1.10067
1.10674
1.10474
1.81778
1.39989
1.30914
1.41676
1.24497
1.11632
1.33308
1.52173
1.11759
1.29337
1.31395
1.17693
1.10914
1.08002
1.11397
1.66498
1.35764
1.34305
1.47123
1.26968
1.35385
1.43775
1.51537
1.66931
1.67193
1.47875
1.24605
1.11628
1.1557
1.1589
1.14474
1.08272
1.11759
1.38709
1.14596
1.23472
1.28419
1.11241
1.11013
1.09359
1.58838
1.12233
1.26445
1.23271
2.11228
2.06215
1.13434
1.44058
1.43979
1.68093
1.57555
1.47427
1.11181
1.11453
1.37438
1.14077
1.29679
1.09812
1.27431
1.1167
1.43852
1.25863
1.31124
1.1047
1.50938
1.15003
1.22847
1.20453
1.24161
1.33176
1.13965
1.1207
1.37386
1.54675
1.44878
1.58787
1.76088
1.53565
1.85064
1.98493
2.24415
1.11438
1.35659
1.19397
1.2607
1.29467
1.23644
1.13445
1.10185
1.08812
1.10538
1.09982
1.52839
1.4401
1.72572
1.3807
1.45032
1.1354
1.16187
1.11627
1.22233
1.69721
1.1163
1.63511
1.8962
1.57923
1.73447
1.15381
1.73514
1.10449
1.99898
1.89292
1.11517
1.28662
1.26669
1.10296
1.18015
1.23699
1.08132
1.16081
1.31165
2.03769
2.02422
1.59733
1.6637
1.11446
1.82558
2.00522
1.13829
1.16023
1.62746
1.68912
1.64669
1.08558
1.15615
1.11776
1.09909
1.45541
1.09921
1.08247
1.30474
1.47717
1.75886
1.76853
1.52294
1.58525
1.98406
1.89595
2.07606
2.31027
1.17993
1.13611
1.11719
1.14592
1.68363
1.11522
1.08657
1.11511
1.35996
1.39496
1.21179
1.15532
1.52425
1.31083
2.0238
1.18397
1.34123
1.1902
1.52846
1.40899
1.24294
1.24038
1.25616
1.43441
1.8301
1.13507
1.58328
2.27585
1.28171
1.10278
1.70693
1.16569
1.11667
1.26973
1.11659
1.23491
1.23138
1.30826
1.14904
1.16067
1.11652
1.12339
1.93361
1.61149
1.40121
1.67701
1.26207
1.11799
1.3115
1.17071
1.26568
1.18054
1.28652
1.32091
1.11638
1.09201
1.52835
2.02302
2.06358
2.67512
1.25572
1.43347
1.51356
1.58334
1.18778
1.90808
1.1445
1.21129
1.13258
1.13201
1.13371
1.78544
1.57384
1.61532
1.85933
1.26486
1.34028
1.14457
1.15619
1.11742
1.28639
1.3519
1.32159
1.40613
1.09811
1.30655
1.17229
1.11093
1.43482
1.6682
1.25822
1.20489
1.12228
1.1999
1.33562
1.09856
1.15235
1.11341
1.51046
1.64313
1.20304
1.11511
1.15327
1.23081
1.23928
1.166
1.17988
1.15943
1.12127
1.24313
1.11866
1.09243
1.10074
1.16387
1.11143
1.1802
1.38712
2.91743
2.55542
2.53211
2.70965
3.07313
3.08112
2.60909
3.14915
1.45574
1.66411
1.55664
1.78979
1.89656
2.01254
1.17464
1.23849
1.28295
1.38043
1.17166
1.23505
1.11689
1.33288
1.20045
1.19033
1.2637
1.14136
1.22851
1.19328
1.22147
1.24359
1.2347
1.17384
1.1147
1.11654
1.25505
1.15473
1.13808
1.16518
1.12984
1.21521
1.52266
1.23668
1.50443
1.0828
1.40983
1.1422
1.91997
1.7748
1.56465
1.45013
1.48206
1.50339
1.4286
1.42026
1.56644
1.21089
1.38907
1.11468
1.26896
1.57072
1.65306
1.24156
1.19493
1.2979
1.48365
1.55281
1.59775
1.61065
1.38622
1.30785
1.16276
1.11608
1.34754
1.14892
1.35466
1.17476
1.11759
1.20446
1.55169
1.0921
1.12539
1.11231
1.56944
1.41681
1.36623
1.31485
1.53548
1.50297
1.18327
1.10404
1.39156
1.17725
1.16917
1.16202
1.64159
1.12462
1.32792
1.22203
1.40787
1.76396
1.25404
1.26362
1.33556
1.24181
1.54104
1.50824
1.8064
1.91902
1.41501
1.30883
1.30129
1.3497
1.62142
1.11704
1.12761
1.17135
1.78514
1.12658
1.45666
1.1523
1.1532
2.04625
2.15711
1.41038
1.11637
2.06888
2.78866
1.23692
1.17984
1.74269
1.91997
1.7748
1.56465
1.45013
1.48206
1.50339
1.4286
1.42026
1.56644
1.21089
1.38907
1.11468
1.26896
1.57072
1.65306
1.24156
1.19493
1.2979
1.48365
1.55281
1.59775
1.61065
1.38622
1.30785
1.16276
1.11608
1.34754
1.14892
1.35466
1.17476
1.11759
1.20446
1.55169
1.0921
1.12539
1.11231
1.56944
1.41681
1.36623
1.31485
1.53548
1.50297
1.18327
1.10404
1.39156
1.17725
1.16917
1.16202
1.64159
1.12462
1.32792
1.22203
1.40787
1.76396
1.25404
1.26362
1.33556
1.24181
1.54104
1.50824
1.8064
1.91902
1.41501
1.30883
1.30129
1.3497
1.62142
1.11704
1.12761
1.17135
1.78514
1.12658
1.45666
1.1523
1.1532
2.04625
2.15711
1.41038
1.11637
2.06888
2.78866
1.23692
1.17984
1.74269
1.55799
1.44677
1.34155
1.40625
1.70394
1.39284
1.11542
1.1183
1.12946
1.19197
1.29111
1.09849
1.5224
1.55727
1.74995
2.16702
1.59332
1.43748
1.48814
1.6515
1.72274
1.36902
1.85508
1.14608
1.46953
1.31307
1.33739
1.40332
1.15729
1.14412
1.4282
1.14155
1.11543
1.12736
1.09722
1.21048
1.18738
1.14598
1.31541
1.26689
1.60604
1.27721
1.82665
1.59352
1.69542
1.5054
1.62413
1.60263
1.88372
1.22284
1.28712
1.14031
1.19084
1.33295
1.08762
1.24435
1.11616
1.10293
1.22458
1.17212
1.33329
1.08724
1.38824
1.37176
1.11573
1.08737
1.65085
1.32189
2.4067
2.21211
1.6907
1.33163
1.09791
1.13987
1.20698
1.1607
1.23006
1.11703
1.10578
1.22199
1.22585
1.10224
1.7311
1.68291
1.72546
1.09739
1.11555
1.16505
1.24667
1.41653
1.13797
1.12954
1.38721
1.91815
1.8913
1.50312
1.69775
1.60163
1.59136
1.47577
1.36923
1.47359
1.69009
2.2122
1.31383
1.18622
1.20516
2.13741
2.45019
1.12521
1.22473
1.16166
1.24635
1.22758
1.10828
1.10419
1.48539
1.08105
1.08641
1.14086
1.11187
1.14227
1.7434
1.53948
1.90933
1.9352
1.52207
1.31831
1.36462
1.43574
1.3284
1.31777
1.34679
1.11591
1.46516
1.4341
1.30111
1.43576
1.26293
1.11223
1.31413
1.17188
1.3033
1.60509
1.11869
1.11759
1.11735
1.12339
1.11513
1.41626
1.6808
1.67983
2.00147
1.91038
1.62567
1.89915
1.58561
1.62124
1.28778
1.84929
1.2059
1.34512
1.63163
1.4758
1.12415
1.22437
1.25896
1.17709
1.26262
1.31686
1.11591
1.18148
1.12876
1.30962
1.39323
1.29515
1.28837
1.11664
1.32129
1.11185
1.36611
1.14611
1.13767
1.13895
1.11948
1.08178
1.21134
1.14384
1.66563
1.79013
1.4318
1.77604
1.73716
1.27983
1.47781
1.68438
1.74549
1.87567
1.21938
1.52973
1.50563
1.60972
1.84578
1.49465
1.59032
1.54487
1.11427
1.70511
1.29191
1.18715
1.09839
1.22256
1.11342
1.11597
1.24237
1.20939
1.23706
1.11576
1.18501
1.12733
1.08112
1.25435
1.12097
1.11619
1.39977
1.09598
1.67166
1.14427
1.78293
1.51557
1.46289
1.4339
1.14287
1.27772
1.3393
1.31082
1.15028
1.24148
1.39174
1.23464
1.25253
1.11682
1.17711
1.36121
1.91213
1.6599
1.18455
1.31028
1.36591
1.15292
1.22426
1.59468
1.39244
1.26055
1.11882
1.09849
1.08582
1.421
1.63492
2.36343
1.66111
1.96269
1.57534
1.64718
1.20519
1.2145
1.14139
1.23976
1.12319
1.24216
1.28713
1.14253
1.18561
1.29319
1.16399
1.40311
1.59558
1.80062
1.86303
1.58385
1.40664
1.17868
1.17557
1.23686
1.13502
1.11639
1.14446
1.36995
1.25519
1.11562
1.59225
1.20383
1.94037
1.82906
1.08665
1.41438
1.33305
1.60336
1.90432
2.12563
1.11805
1.23086
1.28932
1.17367
1.12958
1.11046
1.10576
1.11318
1.74464
1.84554
1.41026
1.23528
1.18219
1.19738
1.2908
1.29827
1.11614
1.11063
1.19355
1.11334
1.49631
1.3943
1.29218
1.11645
1.31277
1.45666
1.26114
1.6817
1.27372
1.1954
1.14101
1.26186
1.12955
1.09624
1.5644
1.19496
1.1728
1.22906
1.21058
1.11707
1.08756
1.77224
2.00555
2.49363
1.98741
1.72568
1.1173
1.44882
1.30945
1.41914
1.41589
1.37737
1.18795
1.73543
1.11546
1.18236
1.10419
1.18171
1.13407
1.20825
1.3183
1.11176
1.2015
1.42614
1.48389
1.45613
1.58376
1.08946
1.46119
1.2777
1.34616
1.52398
1.70133
1.7669
1.20989
1.32037
1.19847
1.24094
1.28421
1.25042
1.26451
1.23876
1.20311
1.18547
1.07989
1.50888
1.73482
1.60478
1.15255
1.23517
1.56769
1.22166
1.28293
1.75852
1.23428
1.21209
1.11466
1.11203
1.25229
1.08756
1.3108
1.09649
1.50299
1.12207
1.24703
1.2963
1.1948
1.09802
1.09324
1.3335
1.11582
1.13934
1.16753
1.21707
1.42232
1.40004
1.40946
1.48729
2.19804
1.31442
1.35391
1.09464
1.59404
1.24659
1.36397
1.45622
2.5928
2.05173
1.46979
1.80208
1.435
1.41113
1.31681
1.46208
1.66683
1.50867
1.66458
1.25265
1.25379
1.45833
1.11739
1.22978
1.47152
1.5756
1.22646
1.19769
1.22099
1.0987
1.23203
1.8979
1.12116
1.08326
1.54108
1.29109
1.50825
1.55948
1.37973
1.26393
1.51493
1.94819
2.31637
1.28841
1.18304
1.09813
1.11554
1.13487
1.19095
1.20322
1.12404
2.33805
1.26067
1.68883
1.24271
1.23903
1.11815
1.11557
2.28898
2.2568
1.30684
3.01573
1.16995
2.87911
1.13105
1.10677
1.4538
1.20885
1.14834
1.11455
1.23104
1.28835
1.30521
1.0886
1.1286
1.3117
1.87201
1.09974
1.56742
2.0897
1.93424
1.51714
1.59019
1.75966
1.5455
1.43802
1.62684
1.68521
1.29658
1.53671
1.61003
1.34142
1.31377
1.2753
1.94549
1.15342
1.12881
1.11717
1.95325
1.62329
1.2068
1.10681
1.07865
1.17546
1.15905
1.4162
1.12495
1.33627
1.35608
1.64776
1.45003
1.57266
1.31274
1.64484
1.11523
1.11465
1.39534
1.27417
1.59276
1.5945
1.34822
1.32201
1.19052
1.16423
1.25546
1.11678
1.28453
1.22405
1.10009
1.34055
1.08241
1.10181
1.73392
1.74193
1.44189
1.35807
1.11648
1.36319
1.35137
1.19111
1.14459
1.74854
1.13252
1.09573
1.30359
2.4181
1.29081
1.36849
1.32288
1.31277
1.45085
1.45749
1.35102
1.21228
1.90152
1.87523
1.81372
1.4736
1.57357
1.12046
1.19927
1.4578
1.09617
1.11543
1.29751
1.10446
1.60279
1.37631
1.35683
1.28655
1.42275
1.11534
1.12111
1.44247
1.32716
1.91589
1.29372
1.134
1.97079
1.15926
1.31169
1.29028
1.11671
1.08967
1.14194
1.20184
1.14895
1.18403
1.11486
1.51092
1.08881
1.10674
1.0898
1.10292
1.11654
1.39957
1.61812
1.70134
2.00596
2.4848
1.14954
1.5147
1.81109
1.27374
1.78924
1.11417
1.23724
1.32159
1.18385
1.58033
1.11586
1.11607
1.12714
1.68799
1.16949
1.12427
1.39145
1.76441
1.75624
1.31833
1.33811
1.49015
1.60106
1.33803
1.22352
1.26772
1.40566
1.36355
1.11704
1.22779
1.11913
1.49261
2.63975
1.48909
1.78736
1.11689
1.43517
1.58818
1.23026
1.33534
1.35748
1.58591
1.28182
1.29594
1.15067
1.09167
1.11302
1.09816
2.2876
2.53169
1.99349
2.12748
2.13088
1.15636
1.11628
1.09112
1.24808
1.66582
1.94209
1.43752
1.35432
1.17422
1.14465
1.24686
1.08758
1.25416
1.62066
1.49215
1.09387
1.08131
1.62132
1.27054
1.32649
1.33121
1.32236
1.13237
1.23279
1.28439
1.47865
1.28312
1.20771
1.15113
1.11458
1.2111
1.40047
1.14546
1.22059
1.55562
1.18807
1.21704
1.61893
1.49958
1.13357
1.22914
1.15262
1.29971
1.12216
1.42177
1.15644
1.39605
1.68116
1.59598
2.21169
1.35953
1.66199
1.42431
1.11295
1.48088
1.85051
1.45029
1.5187
1.11365
1.09562
1.56172
1.48037
1.35031
1.11611
1.10412
1.15084
1.11836
1.4502
1.17918
2.27064
2.16368
2.30801
1.74413
1.79667
1.62278
1.13134
1.24759
1.20798
1.266
1.1167
1.42378
1.77106
1.26774
1.97043
1.22076
1.19562
1.14718
1.22134
1.28263
1.12986
1.90054
2.07049
2.08985
1.97894
1.11745
1.15225
1.25767
1.20123
1.17647
1.19117
1.61476
1.13568
1.29459
1.24035
1.40349
1.44035
1.14958
1.24801
1.24494
1.29213
1.21683
1.46683
1.1238
2.28486
2.43631
1.30426
1.1161
1.16375
1.13546
1.11575
1.32406
1.55772
1.31898
1.11972
1.1371
1.09298
1.21511
1.2567
1.35791
1.15346
1.17921
1.19989
1.42627
1.11592
1.13709
1.1083
1.09887
1.08077
1.10563
1.49898
1.15156
1.25298
1.38635
1.20096
1.26051
1.39016
1.18471
1.11555
1.28054
1.13112
1.0911
1.09261
1.13905
1.13927
1.08871
1.08916
1.48595
1.3446
1.28783
1.45966
1.86013
1.74486
1.2403
1.14435
1.33259
1.71525
1.32476
1.34119
1.16016
1.11747
1.38079
1.22561
1.11622
1.3086
1.12086
1.25904
1.283
1.27795
1.15001
1.14307
1.22053
1.16862
1.13199
1.13892
1.39363
1.23825
1.10886
1.5156
1.17563
1.12079
1.09398
1.27897
1.19982
1.11757
1.16309
1.74052
1.17175
1.24986
1.1855
1.21625
1.81453
1.72177
1.81084
1.50801
1.431
1.39117
1.62067
1.65594
1.63283
1.35695
1.18608
2.67726
1.47088
1.48581
1.14412
1.19775
1.18358
1.27724
1.44531
1.10737
1.45038
1.13681
1.08631
1.14903
1.12271
1.23719
1.19283
1.08005
1.14525
1.09199
1.57537
1.50822
1.67822
1.15536
1.56626
1.49054
1.16994
1.17529
1.33261
1.11729
1.56163
2.90727
2.24335
1.28297
1.32544
1.56433
1.09751
1.32285
1.71918
1.3192
1.64703
1.16983
1.21385
1.1746
1.13784
1.30646
2.4114
1.40422
1.20965
1.12514
1.15273
1.114
1.23754
1.5289
1.08363
1.17286
1.2999
1.11498
1.34908
1.15027
1.22504
1.10545
1.19226
1.35
1.37246
1.7123
1.76572
1.4195
1.67809
1.56426
1.50801
1.52143
1.11431
1.54471
1.39759
1.23096
1.48098
1.15392
1.10271
1.11538
1.63154
1.11514
1.10828
1.11489
1.13354
1.08237
1.09587
1.09192
1.60829
1.6231
1.52764
1.77887
1.19175
1.73714
1.59587
1.11663
1.37044
1.38051
1.27995
1.20901
1.27703
1.29893
1.30459
1.10269
1.10094
1.11989
1.14696
1.28448
1.08025
1.46465
2.14105
1.49417
1.11704
1.2689
1.33592
1.55561
1.85653
1.21736
1.38467
1.17194
1.29617
1.16835
1.36224
1.11611
1.13867
1.30811
1.30192
1.31542
1.22357
1.19654
1.11492
1.13012
1.10546
1.15982
1.26957
1.09838
1.08236
1.65427
1.69698
1.88602
2.00647
1.20054
1.43059
1.4055
1.33851
1.24058
1.11292
1.29053
1.14835
1.98982
1.21637
1.22627
2.55613
1.17747
1.20797
1.23723
1.38571
1.11563
1.09346
1.3742
1.08995
1.17183
1.11633
1.15204
1.08814
1.13305
1.46695
1.28757
1.47845
1.77311
1.29072
1.55991
1.26742
1.11672
1.25122
1.11516
1.29813
1.32664
1.60568
1.58213
1.70568
1.11537
1.25895
1.54238
1.6131
1.71927
1.41875
1.29944
1.25651
1.13497
1.28358
1.29304
1.45669
1.16744
1.28742
1.1192
1.12654
1.21821
1.11706
1.38542
1.74858
1.50275
1.46831
1.6623
1.15802
1.08315
1.42833
1.44783
1.11763
1.26496
1.14433
1.46237
1.11468
1.1962
1.34925
1.46509
2.37484
2.70628
1.71283
1.32616
1.2568
1.48599
1.40297
1.24379
1.26487
1.34339
1.18793
1.3793
1.96216
2.28186
1.11164
1.45358
1.75264
1.82285
1.28414
1.42228
1.24472
1.1869
1.22649
1.76563
1.67076
1.81058
1.11471
1.4319
2.12661
2.51633
1.22331
1.11572
1.18936
1.17828
1.11487
1.42577
1.14989
1.25154
1.20782
1.66362
1.66206
1.74763
1.15236
1.2037
1.29158
1.1706
1.15132
1.48673
1.28532
1.24317
1.57022
1.19012
1.24801
1.31443
1.21335
1.25178
1.12251
1.08168
1.12508
1.17258
1.28415
1.11961
1.10858
1.11484
1.15683
1.19789
1.13377
1.14763
1.09787
1.21943
1.21751
1.27343
1.28541
1.21324
1.38447
1.37717
1.12838
1.33372
1.25967
1.49033
1.38763
1.59894
1.21858
1.11707
1.54109
1.30263
1.11933
1.09886
1.2725
1.32696
1.11571
1.07874
1.19471
1.11111
1.19987
1.76662
1.09165
1.10684
1.88541
1.33878
1.16651
1.1165
1.11263
1.11385
1.20494
1.12834
1.09497
1.19279
1.15691
1.21374
1.08618
1.47031
1.31959
1.32939
1.8473
1.35342
1.19309
2.81505
1.54704
1.11434
1.0966
1.18741
1.76616
1.23422
1.48131
1.32408
1.51171
1.16373
1.15219
1.11457
1.77295
1.22102
1.29412
1.45277
1.11706
1.14356
1.32505
1.17253
2.22
1.6736
1.21141
1.27268
1.25351
1.38336
1.15485
1.12554
1.14232
1.57508
1.31337
1.21355
1.59649
1.46211
1.39866
1.50541
1.5041
1.61344
1.54287
1.59656
1.46157
2.42604
1.21311
1.23754
1.20157
1.08037
1.59441
1.45643
1.60024
1.55306
1.52847
1.1741
1.26591
1.61343
1.1873
1.41405
1.11559
1.14475
1.22719
1.26417
1.25806
1.31555
1.64775
1.69276
1.54965
1.79246
2.26612
1.37482
1.22794
1.30345
1.10126
1.27233
1.12184
1.32342
1.08453
1.25175
1.13769
1.08147
1.86895
2.55582
2.65051
2.32501
1.4099
1.23412
1.10776
1.08529
1.11291
1.99097
1.38695
1.3935
1.39048
1.10957
1.61525
1.1461
1.33038
1.30906
1.27357
1.19616
1.10297
1.12759
1.65619
1.59606
1.95096
1.45924
1.65872
1.30495
1.21394
1.14725
1.39502
1.43216
1.13412
1.09613
1.09872
1.3558
1.09706
1.14361
1.27325
1.66913
1.28259
1.31705
1.27556
1.22999
1.33889
1.28707
1.82311
1.1448
1.10791
1.22954
1.40196
1.11966
1.20741
1.32887
1.66414
1.08412
1.14351
1.18865
1.2158
1.15697
1.13775
1.42508
1.82286
1.14711
1.20084
1.61659
2.00821
1.91903
1.34003
1.70497
1.33929
1.11628
1.2213
1.18298
1.25632
1.19754
1.19033
1.30169
1.20695
1.19102
1.40966
1.14168
1.13755
1.1432
1.10549
1.51801
1.50942
1.1919
1.33016
1.1157
1.25872
1.74426
1.8366
1.59685
1.3099
2.25255
1.92395
1.38712
1.20232
1.33432
1.11754
1.17836
1.30862
1.22747
1.14299
1.5199
1.19487
1.22893
1.36375
1.11343
1.08915
1.12122
1.13885
1.31659
1.49641
1.26829
1.49191
1.35982
1.37137
1.37928
1.25209
1.09081
1.24318
1.18243
1.33933
1.17152
1.11433
1.11059
1.09562
1.08525
1.18557
1.11598
1.17564
1.11735
1.12575
1.10563
1.16643
1.60129
1.56889
1.24569
1.11941
1.32966
1.16111
1.33819
1.22607
1.22639
1.11555
1.19761
1.14166
1.20532
1.21012
1.21226
1.28415
1.11961
1.10858
1.11484
1.15683
1.19789
1.13377
1.14763
1.09787
1.21943
1.21751
1.27343
1.28541
1.21324
1.38447
1.37717
1.12838
1.33372
1.25967
1.49033
1.38763
1.59894
1.21858
1.11707
1.54109
1.30263
1.11933
1.09886
1.2725
1.32696
1.11571
1.07874
1.19471
1.11111
1.19987
1.76662
1.09165
1.10684
1.88541
1.33878
1.16651
1.1165
1.11263
1.11385
1.20494
1.12834
1.09497
1.19279
1.15691
1.21374
1.08618
1.47031
1.31959
1.32939
1.8473
1.35342
1.19309
2.81505
1.54704
1.11434
1.0966
1.18741
1.76616
1.23422
1.48131
1.32408
1.51171
1.16373
1.15219
1.11457
1.77295
1.22102
1.29412
1.45277
1.11706
1.14356
1.32505
1.17253
1.22649
1.76563
1.67076
1.81058
1.11471
1.4319
2.12661
2.51633
1.22331
1.11572
1.18936
1.17828
1.11487
1.42577
1.14989
1.25154
1.20782
1.66362
1.66206
1.74763
1.15236
1.2037
1.29158
1.1706
1.15132
1.48673
1.28532
1.24317
1.57022
1.19012
1.24801
1.31443
1.21335
1.25178
1.12251
1.08168
1.12508
1.17258
1.49614
1.11683
1.27197
1.37381
1.19755
1.16497
1.10459
1.10957
1.119
1.22703
1.29778
1.11664
1.11528
1.12273
1.1407
1.75392
1.44109
1.15679
1.14153
1.14405
1.47067
1.59436
1.51997
1.60342
1.69924
1.32398
1.50381
2.41468
2.29181
2.29197
1.40084
1.3274
1.52343
1.576
1.48995
1.29415
1.25218
1.49491
1.33978
1.19683
1.6904
1.11896
1.25843
1.31934
1.22181
1.53812
1.11291
1.16192
1.3984
1.1539
1.10701
1.09357
1.11705
1.51046
1.64313
1.20304
1.11511
1.15327
1.23081
1.23928
1.166
1.17988
1.15943
1.12127
1.24313
1.11866
1.09243
1.10074
1.16387
1.11143
1.1802
1.38712
2.91743
2.55542
2.53211
2.70965
3.07313
3.08112
2.60909
3.14915
1.45574
1.66411
1.55664
1.78979
1.89656
2.01254
1.17464
1.23849
1.28295
1.38043
1.17166
1.23505
1.11689
1.33288
1.20045
1.19033
1.2637
1.14136
1.22851
1.19328
1.22147
1.24359
1.2347
1.17384
1.1147
1.11654
1.25505
1.15473
1.13808
1.16518
1.12984
1.21521
1.52266
1.23668
1.50443
1.0828
1.40983
1.1422
1.36496
1.24353
1.33407
1.11584
1.68051
1.13509
1.5774
1.30827
1.27257
1.11678
1.14789
1.71962
1.10193
1.17834
1.10732
1.27018
1.44257
1.79468
1.32097
1.2383
1.26143
1.29319
1.39061
1.22633
1.13049
1.12352
1.11065
1.09112
1.29294
1.61225
1.31424
1.6131
1.57185
1.84469
1.56982
1.28055
1.18907
1.92644
1.15974
1.37055
1.32699
1.20875
1.23626
1.11272
1.30458
1.37453
1.12248
1.17468
1.23677
1.12481
1.10775
1.10566
1.72476
1.43736
1.57848
1.32614
1.75114
1.38587
1.17143
1.59017
1.69543
1.21741
1.3109
1.3047
1.11572
1.11572
1.11505
1.09702
1.0837
1.12783
1.65617
1.29975
1.40889
1.48618
1.56521
1.11536
1.1886
1.1086
1.13328
1.19676
1.14025
1.15834
1.12036
1.09432
1.66498
2.1493
1.49918
1.94236
2.40615
2.61375
1.95703
2.21413
2.17112
1.66062
2.08004
1.22201
1.49598
1.21932
1.24991
1.13453
1.11662
1.12372
1.14526
1.2633
1.17426
1.17429
1.11532
1.10608
1.32765
1.10289
1.09771
1.58424
1.29415
1.24335
1.23801
1.20669
1.24753
1.22456
1.15671
1.11518
1.1436
1.08753
1.11125
1.38664
1.37709
1.23979
2.38572
1.12859
1.13486
1.19192
1.22541
1.09636
1.14722
1.1523
1.12095
1.25591
1.12395
1.13887
1.49586
1.77509
1.26389
1.40399
1.29922
1.32368
1.20124
1.38811
1.70219
1.26982
1.219
1.20421
1.20433
1.11861
1.11719
1.10267
2.07519
1.12552
1.43288
1.11256
1.14367
1.15435
1.11616
1.21528
1.6027
1.58719
1.16364
1.13021
1.12829
1.13092
1.47899
1.1145
1.22436
1.23544
1.35284
1.11049
1.10013
1.10986
1.24046
1.09885
1.28869
1.81861
2.17886
1.38353
1.46597
1.75665
1.67797
1.66173
1.5023
1.38842
1.39583
1.1819
1.15065
1.11558
1.1198
1.20679
1.19353
1.11403
1.24669
1.74659
1.11123
1.36493
1.10691
1.3067
1.16526
1.11769
1.25115
1.12517
1.32707
2.0348
1.11994
1.10397
1.08512
1.4036
1.98872
1.27396
1.25317
1.15276
1.28198
1.12577
1.30349
1.15204
1.17682
1.11758
1.14358
1.49157
1.7472
1.63361
1.42834
1.16317
1.21672
1.48284
1.6907
1.27105
1.14548
1.21645
1.32758
1.11627
1.29574
1.72268
2.03224
1.11375
1.18468
1.34761
1.49837
1.77836
1.17125
1.22699
1.36652
1.28044
1.64313
1.33567
1.34665
1.18394
1.43654
1.70471
1.31995
1.11496
1.19242
1.11854
1.0957
1.36318
1.87559
1.82666
2.51938
1.09079
1.16478
1.12341
1.5435
1.53067
1.42601
1.50541
1.41174
1.4191
1.41559
1.20115
1.21083
1.1415
1.37374
1.22852
1.09119
1.10846
1.09895
1.77202
1.28415
1.33139
1.4302
1.11643
1.32157
1.12641
1.59739
2.00428
2.27116
1.91319
1.3326
1.59806
1.1532
1.3573
1.24396
1.11306
1.50573
1.18297
1.22714
1.25268
2.15789
1.35353
1.12978
1.11615
1.11569
1.25265
1.57468
1.3118
1.37593
1.17402
1.22756
1.11483
1.16748
1.12583
1.1278
1.26134
1.23485
1.40616
1.12725
1.0856
1.17029
1.11376
1.14597
1.54819
1.38351
1.60318
1.37681
1.49738
1.37296
1.66093
1.62119
1.30217
1.5444
1.11525
1.13755
1.13983
1.14807
1.12189
1.37083
1.3642
1.13772
1.11268
1.11838
1.35752
1.14858
1.11429
1.14375
1.46301
1.4557
1.59656
1.67993
2.09735
2.00048
1.50313
1.4187
1.57475
1.34369
1.42143
1.724
1.11384
1.27791
1.11035
1.171
1.15593
1.21515
1.11505
1.12095
1.11301
1.08944
1.13306
1.13314
1.0968
1.3976
1.64001
1.43492
1.63644
1.33374
1.17017
1.17617
1.26786
1.18887
1.32418
1.67099
1.21025
1.26901
1.12089
1.2725
1.12097
1.11593
1.65143
1.33976
1.49768
1.11773
1.1059
1.90045
1.92972
2.27238
1.14167
1.44289
1.46991
1.10372
1.53834
1.55044
1.54432
1.5065
1.1382
1.28123
1.15657
1.29514
1.11711
1.1152
1.48437
1.11541
1.09795
1.11897
1.09651
1.15471
1.24597
2.19282
1.61426
1.89948
1.17574
1.50746
1.6622
1.37881
1.20122
1.1461
1.08255
1.15349
1.28357
1.11517
1.22921
1.10789
1.7206
1.11698
1.18047
1.10352
1.08697
1.09527
1.09296
1.67963
1.44919
1.51746
1.66301
1.248
1.82132
1.70041
1.69899
1.25867
1.65493
1.53832
1.54857
1.22015
1.48783
1.47691
1.11612
1.53574
1.26156
1.50481
1.22769
1.19582
1.49483
1.10188
1.13338
1.11804
1.34588
1.18792
1.18908
1.08913
1.65978
1.67407
1.57483
1.66984
1.59988
1.28555
1.11713
1.2922
1.27476
1.17613
1.11342
1.34758
1.26541
1.14798
1.10152
1.12819
1.16394
1.11157
1.1151
2.2388
1.12134
2.1568
1.98533
1.42507
1.37863
1.15349
1.11595
1.31348
1.23872
1.30582
1.2598
1.16701
1.14745
1.20247
1.12049
1.11489
1.68547
1.10544
1.09253
1.11498
1.54935
1.87197
1.4106
1.39818
1.59878
1.35053
1.26414
1.25165
1.33246
1.13456
1.17715
1.15935
1.18999
1.15029
1.11674
1.44907
1.57576
1.32725
1.49816
1.38599
1.42495
2.09529
1.30678
1.17845
1.34708
1.34703
1.25413
1.20635
1.25954
1.3268
1.36294
1.65964
1.68243
1.3343
1.11576
1.1847
1.25352
1.10324
1.19751
1.285
1.21458
1.52256
1.63658
1.158
1.30838
1.14783
1.28761
1.35412
1.34521
1.66202
1.11468
1.36569
1.33743
1.4501
1.3011
2.75777
1.3254
1.57892
1.56339
1.7122
1.92675
1.35344
1.26123
1.26537
1.33851
1.34027
1.44921
1.4645
1.19635
1.20624
1.33775
1.21107
1.2988
1.40502
1.21084
1.3467
1.17517
1.09792
1.47382
1.20593
1.10713
1.26734
1.09526
1.10638
1.15475
1.12718
1.1663
1.13402
1.10285
1.63615
2.01024
1.69469
1.88601
2.02043
2.28562
1.11591
1.37464
1.7015
1.55709
2.11336
1.60891
1.61131
1.41484
1.47537
1.1606
1.43928
1.096
1.11897
1.10192
1.10344
1.09472
1.13199
1.2656
1.5448
1.21452
2.12041
1.23582
1.32114
1.86989
1.23899
1.11556
1.45523
1.26751
1.21889
1.1175
1.80123
1.22929
1.11893
1.65636
1.51634
1.67364
1.68715
1.62179
1.33077
1.53039
1.19138
1.24817
1.41511
1.29399
1.34279
1.34239
1.14629
1.11193
1.10784
1.10571
1.40049
1.39217
1.4477
1.38797
1.41263
1.61181
1.13091
1.37063
1.14773
1.36004
1.22256
1.38724
1.37323
1.30841
1.11985
1.11455
1.11899
1.12623
1.56762
1.12179
1.13686
1.35009
1.11824
1.12629
1.13905
1.787
1.11563
1.30517
1.94256
1.41406
1.11489
1.39134
1.09199
1.24721
1.56418
1.314
1.4636
1.58936
1.11441
1.19068
1.16417
1.35984
1.20951
1.17
1.08103
1.30697
1.09909
1.22246
1.67147
1.31458
1.70002
1.39367
1.40003
1.2154
1.15416
1.32814
1.20015
1.11725
1.35819
1.65165
1.15304
1.76287
1.10263
1.11431
1.16877
1.10247
1.1019
1.10933
1.15418
1.09618
1.10891
1.56866
1.41057
1.15918
1.12001
1.608
1.14529
1.22931
1.16319
1.16121
1.10639
1.28411
1.17034
1.39807
1.10046
1.16272
1.13196
1.10856
1.12625
1.42018
1.4238
2.09082
1.24392
1.64962
1.41715
1.25004
1.11743
1.35267
1.36052
1.55829
1.57405
1.11873
1.69667
1.71591
1.14952
1.20544
1.16078
1.19895
1.09305
1.20617
1.63829
1.1141
1.08048
1.4809
1.34458
1.1156
1.14659
1.11665
1.74054
1.39412
1.30593
1.11503
1.11789
1.18806
1.20803
1.158
1.39313
1.1159
1.14677
1.12598
1.14076
1.48805
1.76684
1.25195
1.8871
1.86369
1.23281
2.21637
1.22264
1.23307
1.31666
1.44606
1.66603
1.23963
1.18634
1.3504
1.62004
1.16183
1.10218
1.1098
1.13067
1.50268
1.80979
1.27963
1.26102
1.6266
1.89917
1.42349
1.56103
1.10088
1.18313
1.20141
1.36426
1.21198
1.12638
1.26785
1.23738
1.17726
1.11217
1.34919
1.57802
1.36625
1.52443
1.14592
1.4917
1.18426
1.1118
1.11366
1.44137
1.19257
1.34751
1.39923
1.60116
1.39364
1.69557
1.15761
1.32029
1.24552
1.19613
1.18102
1.49095
1.11755
1.11424
1.18674
1.10749
1.11906
1.14131
1.12233
1.07865
1.47066
1.63146
1.44857
2.26465
1.38605
1.30076
1.11089
1.25584
1.15373
1.35084
1.18673
1.18451
1.27614
1.11255
1.3148
1.09194
1.09173
1.07807
1.09501
1.52985
1.52906
1.20326
1.50602
1.52471
1.33985
1.38067
1.33254
1.11214
1.36269
1.41343
1.16182
1.22055
1.11999
1.26566
1.08632
1.10382
1.27305
1.58426
1.12816
1.12508
1.11858
1.11428
1.08841
1.16673
1.62411
1.53267
1.44726
1.42827
1.12984
1.45141
1.67835
1.23757
1.24943
1.12097
1.26233
1.1802
1.13964
1.33857
1.07988
1.08697
1.10003
1.79634
1.36374
2.75381
2.66872
1.25744
1.37089
1.4304
1.45179
1.24593
1.33674
1.38466
1.17159
1.25224
1.1543
1.10549
1.11704
1.07917
1.31496
1.22979
1.4819
1.6906
1.75623
1.93892
1.90205
1.96413
1.4733
2.24145
1.64129
1.41645
1.11713
1.90154
1.99266
1.20861
1.18266
1.28013
1.24308
1.85138
1.11257
1.34731
1.2335
1.32702
1.34078
1.2594
1.24896
1.12319
1.09378
1.1599
1.11027
1.25067
1.12009
1.31736
1.18375
1.13985
1.32272
1.17831
1.08161
1.11145
1.11675
1.14203
1.08803
1.11743
1.15239
1.10531
1.25624
1.10891
1.96206
1.2591
1.36158
1.53337
1.54352
1.21682
1.0877
1.08432
1.12145
1.08641
1.29994
1.31694
1.24689
1.20744
1.51008
1.16331
1.12698
1.25129
1.25007
1.67447
1.23097
1.10808
1.16093
1.28281
1.16352
1.11717
1.1224
1.35826
1.10328
1.33531
1.18639
1.14293
1.46196
1.18032
1.35118
1.23172
1.14035
1.11659
1.08726
1.08332
1.11814
1.11277
1.38447
1.08935
1.08488
1.19407
1.4811
1.25144
1.38739
1.2565
1.21016
1.31243
1.16617
1.11674
1.12839
1.11358
1.09515
1.11709
1.19395
1.21394
1.55389
1.59105
1.21157
1.1251
1.14185
1.15344
1.40298
1.09298
1.10916
1.14289
1.15356
1.72347
1.54022
1.77511
1.2914
1.33902
1.27283
1.46763
1.18828
1.11758
1.45648
1.19616
1.21541
1.38094
1.33748
1.35786
1.24554
1.16639
1.0824
1.11498
1.23382
1.09579
1.12176
