0.354318
0.554596
0.524069
0.36446
0.490956
0.290572
0.499422
0.281161
0.337701
0.843854
0.453895
0.279604
0.494298
0.310948
0.279463
0.505296
0.504197
0.501852
0.442377
0.384772
0.359273
0.468654
0.493925
0.293109
0.821512
0.291385
0.499377
0.325306
0.500021
0.572057
0.494709
0.397191
0.484579
0.360239
0.280043
0.285208
0.304928
0.297289
0.488899
0.286503
0.511566
0.502277
0.471441
0.45173
0.981981
0.41751
0.402388
0.469725
0.305691
0.495524
0.480438
0.450913
0.300794
0.486607
0.287887
0.493376
0.494757
0.4962
0.515638
0.493899
0.282239
0.30598
0.496909
0.497404
0.503708
0.488816
0.2842
0.283765
0.27924
0.281486
0.512611
0.291211
0.327463
0.279182
0.493142
0.330668
0.385795
0.492481
0.501643
0.495677
0.39413
0.500847
0.280821
0.449682
0.346388
0.498966
0.498126
0.569192
0.496598
0.288719
0.495826
0.282984
0.288877
0.498606
0.315703
0.281268
0.280482
0.445436
0.284387
0.304449
0.279786
0.281036
0.368964
0.28234
0.283147
0.41005
0.434183
0.350428
0.381442
0.497828
0.281855
0.499681
0.508038
0.366625
0.458174
0.503466
0.510997
0.416276
0.279313
0.294188
0.496973
0.564098
0.287564
0.499216
0.292273
0.356681
0.279893
0.371156
0.329335
0.415558
0.502763
0.305831
0.434727
0.499424
0.369537
0.289712
0.502989
0.500248
0.506088
0.28163
0.576686
0.499998
0.280001
0.50461
0.495832
0.498784
0.528234
0.306334
0.494114
0.431241
0.321342
0.280556
0.310641
0.282544
0.283221
0.405029
0.29856
0.497139
0.499896
0.526004
0.298036
0.499823
0.435394
0.855129
0.379957
0.488663
0.375931
0.312586
0.288062
0.341769
0.501025
0.931262
0.313604
0.50141
1.08883
0.365894
0.493531
0.317741
0.280279
0.368034
0.333224
0.292235
0.511288
0.300573
0.291239
0.493699
0.446938
0.503152
0.28528
1.76304
0.498033
0.432021
0.496373
0.49582
0.500081
0.495586
0.805349
0.280045
0.287821
0.501255
0.590021
0.350683
0.313864
0.497697
0.498054
0.304831
0.50499
0.279456
0.296741
0.494835
0.288446
0.658511
0.413664
0.514758
0.391421
0.50288
0.292208
0.280275
0.421771
0.497731
0.320047
0.406677
0.279289
0.279158
0.284938
0.292817
0.281804
0.28034
0.280904
0.494553
0.50062
0.488505
0.496067
1.00783
0.497289
0.341277
0.334847
0.495827
0.298667
0.460006
0.795962
0.501771
0.29052
0.279494
0.495773
0.50025
0.28228
0.504673
0.383738
0.28609
0.498769
0.36075
0.499582
0.284137
0.284664
0.495542
0.693217
0.49563
1.04505
0.293799
0.500409
0.299009
0.316289
0.496683
0.316289
0.496683
0.472354
0.399233
0.491781
0.280234
0.500125
0.293568
0.414715
0.464652
0.3797
0.619435
0.283215
0.328539
0.307183
0.49376
0.495807
0.443404
0.330764
0.338998
0.495904
0.280033
0.458908
0.287776
0.52943
0.437483
0.335987
0.501437
0.28181
0.303591
0.285878
0.500906
0.292724
0.390052
0.497763
0.493326
0.462116
0.49742
0.417866
0.508713
0.284443
0.496422
0.45667
0.506725
0.316552
0.282065
0.486382
0.494913
0.49557
0.28033
0.320568
0.298582
0.281611
0.503624
0.285182
0.505284
0.497658
0.284547
0.468767
0.279476
0.299883
0.513248
0.376624
0.301389
0.450043
0.862578
0.314401
0.336636
0.280223
0.538199
0.345042
0.509248
0.317878
0.508071
0.395379
0.496873
0.364306
0.307522
0.396851
0.286026
0.295739
0.27933
0.301298
0.494874
0.502809
1.14512
1.08198
0.341426
0.282395
0.288609
0.282569
0.340385
0.314784
0.410044
0.995141
0.353977
0.38001
0.519017
0.502442
0.483285
0.322805
0.496816
0.378409
0.279489
0.291397
0.497531
0.489916
0.490002
0.28297
0.47604
0.457983
0.440828
0.439832
0.455466
0.354916
0.480528
0.28567
0.489671
0.285465
0.528985
0.280222
1.94517
0.529296
0.493162
0.491232
0.495498
0.497466
0.495318
0.388284
0.303904
0.499059
0.492853
0.428658
0.501252
0.28683
0.929944
0.532224
0.35341
0.880159
0.545114
0.494544
0.496066
0.299766
0.609444
0.507776
0.381099
0.501385
0.483789
0.31999
0.493162
0.491232
0.495498
0.497466
0.495318
0.388284
0.303904
0.499059
0.492853
0.28567
0.489671
0.285465
0.528985
0.453714
0.290292
1.06906
0.34436
0.519504
0.495542
0.693217
0.49563
1.04505
0.293799
0.500409
0.299009
0.283786
0.535284
0.381143
0.293186
0.282181
0.280583
0.281689
0.543646
0.295686
0.484695
0.531517
0.322884
0.773664
0.812599
0.493907
0.504766
0.294547
0.303451
0.321471
0.493399
0.501189
0.49652
0.370291
0.453606
0.497767
0.495963
0.499902
0.498297
0.369329
0.497038
0.498325
0.297415
0.4989
0.326623
0.500417
0.417374
0.28403
0.471567
0.413817
0.500258
0.388674
0.295602
0.389256
0.283148
0.497072
0.428211
0.492055
0.287569
0.427941
0.499533
0.332556
0.299819
0.494427
0.49216
0.512525
0.336404
0.495034
2.1219
0.499124
0.295307
0.280956
0.317549
0.536161
0.476538
0.503415
0.436041
0.495244
0.287696
0.45562
0.495895
0.443153
0.494534
0.339348
0.457349
0.507721
0.497803
0.280129
0.388849
0.28292
0.28711
0.529827
0.496691
0.281805
0.298104
0.488758
0.391685
0.2834
0.484316
0.501045
0.317715
0.510334
0.385532
0.43249
0.503033
0.496991
0.493812
0.495509
0.806482
0.279772
0.316409
0.281187
0.487264
0.40245
0.285903
0.504355
0.281249
1.08399
1.12332
0.309236
0.288989
0.508131
0.485005
0.291253
0.498267
0.386893
0.725088
0.291029
0.284114
0.358014
0.27971
0.283494
0.375983
