0.494448
0.498652
0.284019
0.28132
0.486741
0.2847
0.285039
0.286536
0.286686
0.495597
0.357836
0.282406
0.499241
0.501196
0.35304
0.497694
0.496795
0.494258
0.331127
0.49239
0.50193
0.497749
0.506137
0.512982
0.832397
0.344813
0.501739
0.279311
0.492742
0.491113
0.494292
0.362187
0.801965
0.493084
0.377684
0.330289
0.502993
0.498985
0.508805
0.279986
0.283553
0.329667
0.337611
0.503708
0.296562
0.289809
0.291877
0.494629
0.495519
0.49403
0.470997
0.281522
0.495072
0.492194
0.382616
0.506005
0.287527
0.496962
0.343419
0.497701
0.449341
0.497275
0.444701
0.49421
0.51093
0.493741
0.497462
0.318741
0.282397
0.347835
0.281632
0.292916
0.281067
0.497229
0.496901
0.497229
0.496901
0.500925
0.282214
0.499058
0.280668
0.282507
0.283467
0.281113
0.282551
0.41712
0.490836
0.280583
0.280275
0.500436
0.497227
0.496885
0.284587
0.452478
0.279216
0.496115
0.28953
0.279199
0.28181
0.498513
0.498009
0.433697
0.499966
0.506786
0.320179
0.464243
0.283702
0.493889
0.287552
0.490803
0.288637
0.496309
0.497091
0.373099
0.307512
0.287845
0.496184
0.397895
0.279394
0.494757
0.29662
0.299782
0.499727
0.497709
0.338856
0.362963
0.497704
0.496281
0.492896
0.499177
0.497369
0.288637
0.496309
0.497091
0.373099
0.307512
0.287845
0.496184
0.397895
0.464243
0.283702
0.493889
0.287552
0.497322
0.554973
0.351261
0.281632
0.292916
0.281067
0.293947
0.280207
0.457474
0.464576
0.496093
0.498603
0.50707
0.288553
0.292913
0.398178
0.281914
0.295998
0.306052
0.286383
0.287836
0.496863
0.492436
0.487265
0.399637
0.431926
0.309669
0.281062
0.300434
0.29513
0.287528
0.494475
