1.52334
1.45187
1.92884
1.9295
1.31225
1.56059
1.14868
1.16562
1.22488
1.11646
1.35313
1.12509
1.09542
1.87159
1.28152
1.34969
1.39107
1.22806
1.11686
1.21615
1.36717
1.20378
1.12629
1.15447
1.38866
1.07832
1.61721
1.56264
1.36759
1.31044
1.16255
1.2701
1.1316
1.34301
1.3542
1.24396
1.18335
1.10061
1.12429
1.33535
1.10183
1.11539
1.30987
1.82083
1.85945
1.91232
1.70832
1.63596
1.16169
1.43072
1.13618
1.12338
1.21733
1.21591
1.39226
1.76904
1.50436
1.19264
1.11633
1.16452
1.317
1.13836
1.23101
1.24749
1.22944
1.65
1.47073
1.34655
1.32349
1.39406
1.27163
1.33652
1.11548
1.21859
1.73832
1.64992
1.21659
1.10793
1.08809
1.17446
1.60946
1.37734
1.33836
1.51043
1.23849
1.13593
1.43175
1.57168
1.42689
1.27409
1.47
1.11373
1.11294
1.15478
1.1168
1.32556
1.20378
1.2162
1.44967
1.31641
1.36259
1.51047
1.62348
1.78594
1.3654
1.23176
1.3788
1.11388
1.11552
1.1286
1.1064
1.9832
2.32882
1.25374
1.27385
1.40265
1.26434
1.09438
1.41569
1.44206
1.55472
1.42419
1.41858
1.19459
1.8987
1.29239
1.25447
1.10341
1.17835
1.35971
1.27141
1.26554
1.18557
1.12972
1.43638
1.91373
1.54136
1.30725
1.55823
1.14174
1.18252
1.47035
1.11572
1.3781
1.08946
1.11456
1.40349
1.68647
1.60912
1.28852
1.31323
1.11575
1.59538
1.19855
1.18556
1.31435
1.55553
1.76656
1.21485
1.15917
1.32689
1.27201
1.3212
1.67029
1.30242
1.26246
1.16588
1.10973
1.11981
1.18417
1.48923
1.72841
1.41768
1.39102
1.37239
1.3885
1.61926
1.21102
1.11463
1.25765
1.09821
1.07985
1.08936
1.08362
1.36949
1.57425
1.49278
1.11693
1.30132
1.1173
1.11828
1.21693
1.22785
1.28807
1.11679
1.23152
1.20483
1.10535
2.16947
1.22247
1.38139
1.12405
1.23421
1.23573
1.39332
1.16606
1.10981
1.10717
1.40169
1.45079
1.57874
1.34132
1.18697
1.0975
1.26914
1.38866
1.66769
1.4873
1.13189
1.09773
1.27113
1.12252
1.74661
1.97292
1.27378
1.33375
1.12059
1.12883
1.12053
1.16064
1.1543
1.2579
1.16723
1.71331
1.5103
1.67485
1.20211
1.25772
1.1699
1.21735
1.11501
1.78492
1.79615
1.45962
1.3196
1.59157
1.82184
1.37403
1.22796
1.17609
1.29221
1.11382
1.59936
1.10799
1.44128
1.23703
1.48621
1.28104
1.12833
1.14639
1.28642
1.56237
1.32337
1.25272
1.33885
1.37863
1.11657
1.17556
1.13573
1.27913
1.26441
1.25278
1.14122
1.11519
1.10987
1.25712
1.30803
1.29118
1.21132
1.17543
1.20629
1.47617
1.09995
1.53574
1.08773
1.31909
1.29959
1.52876
1.31002
1.34242
1.12033
1.14098
1.5318
1.74832
1.48568
1.27179
1.55221
1.21252
1.37842
1.33712
1.09643
1.14425
1.29378
1.11599
1.20621
1.17886
1.31518
1.10663
1.1167
1.37484
1.16525
1.58784
1.37396
1.48067
1.26667
1.17961
1.1947
1.8038
1.53165
1.36719
1.52757
1.54707
1.14323
1.17228
1.11582
1.11682
1.16049
1.13788
1.23211
1.11231
1.11405
1.47772
1.48179
1.1702
1.15912
1.19617
1.26722
1.27704
1.09816
1.09473
1.90189
1.11646
1.57306
1.62522
1.34616
1.22765
1.44087
1.11118
1.30775
1.23498
1.08515
1.16419
1.09594
1.37509
1.31532
1.74397
1.23993
1.12166
1.40741
1.18454
1.40119
1.30872
1.14182
1.11391
1.1141
1.79797
1.57908
1.32265
1.10716
1.26908
1.13638
1.11966
1.13384
1.18593
1.22159
1.27552
1.17481
2.33572
1.5781
1.45151
1.35347
1.11309
1.36355
1.12404
1.13026
1.35751
1.27817
1.10932
1.19905
1.33149
1.11786
1.50087
1.3718
1.45662
1.90707
1.26695
1.32633
1.2525
1.16286
1.1735
1.26347
1.19884
1.12246
1.61175
2.126
1.45706
1.11736
1.13444
1.25303
1.2555
1.11603
1.11808
1.11523
1.57521
1.9657
1.41645
1.38221
1.26416
1.35306
1.15056
1.17967
1.35443
1.25189
1.46348
1.11605
1.11548
1.116
1.13139
1.17954
1.73654
1.08296
1.2507
2.73433
2.09775
1.43568
1.10357
1.4149
1.18264
1.88066
1.24417
1.25136
1.17052
1.2457
1.6771
1.41636
1.57408
1.40105
1.65628
1.11536
1.21514
1.54833
1.5292
1.19972
1.25283
1.33236
1.28197
1.19711
1.19613
1.14747
1.12722
1.43647
1.09139
1.11651
1.15983
1.24303
1.28095
1.48722
1.38521
1.1171
1.18218
1.1263
1.326
1.99453
2.26158
1.29123
1.46784
1.37689
1.09111
1.5906
1.31473
1.11461
1.69007
1.59734
1.75486
1.47533
1.11508
1.12805
1.26306
1.11482
1.18759
1.21325
1.23646
1.12004
1.29081
1.43115
1.36423
1.56748
1.30452
1.67277
1.10334
1.23358
1.10142
1.118
1.3516
1.21859
1.15823
1.35586
1.08041
1.53447
1.36254
1.19305
1.11545
1.28476
1.34636
1.52119
1.22595
1.63917
2.24045
1.80646
1.11642
1.35378
1.14085
1.14138
1.1077
1.14634
1.79936
1.97221
1.80168
1.99822
2.07113
2.23738
1.39165
1.48577
1.20329
1.38623
1.11784
1.13528
1.12163
1.1689
1.61282
1.1387
1.89086
1.518
1.3322
1.21398
1.17015
1.15081
1.09411
1.09961
1.5436
1.90176
1.77278
1.61722
1.41616
1.48873
1.49657
1.36198
1.23936
1.11641
1.40989
1.48543
1.43732
1.6902
1.14708
1.39921
1.3355
1.31648
1.21979
1.11328
1.23315
1.99875
2.2274
1.16025
1.11433
1.30111
1.80453
1.4556
1.47768
1.49318
1.17627
1.1971
1.1156
1.30773
1.31435
1.20789
2.14084
1.48467
1.14774
1.55758
1.20388
1.35908
1.25647
1.11705
1.23139
1.08107
1.08368
1.21241
1.09552
1.12804
1.75479
1.26218
1.34557
1.19556
1.09836
1.2674
1.17144
1.75035
1.28991
1.19483
1.11607
1.25019
1.16184
1.11268
1.54653
1.3986
1.31131
1.16046
1.19609
1.47726
1.12636
1.20832
1.78078
1.32421
1.35576
1.19068
1.13192
1.47907
1.49356
1.63703
1.67611
1.39358
1.34563
1.41432
1.91574
1.28518
1.11401
1.58119
1.26829
1.18683
1.09289
1.11675
1.31807
1.32285
1.41005
1.30555
1.19309
1.20602
1.11692
1.28094
1.11332
1.21042
1.16333
1.23181
1.5108
1.19838
1.14998
1.11379
1.1085
1.09743
1.16293
1.24268
1.20493
1.32725
1.1158
1.69282
1.92978
1.33473
1.13752
1.2063
1.1544
1.20868
1.34277
1.19858
1.17145
1.33064
1.10755
1.11481
1.33333
1.33442
1.23067
1.26734
1.15331
1.09701
1.09001
1.25459
1.53053
1.55753
1.43146
1.25169
1.18328
1.3001
1.29477
1.1841
1.10561
1.11625
1.08762
1.91522
1.27526
1.81982
1.54378
1.46693
1.27365
1.29471
1.14861
1.10974
1.42003
1.7039
1.47038
1.54657
1.24278
1.19994
1.15535
1.40122
1.82295
1.49229
1.44484
1.75025
1.38826
1.08496
1.39183
1.39724
1.34409
1.51098
1.23502
1.16607
1.14
1.13758
1.74765
1.68347
1.42524
1.51779
1.17506
1.11619
1.50687
1.2568
1.25524
1.36743
1.26672
1.19866
1.1155
1.1326
1.54277
1.76363
1.6839
1.50483
1.66769
1.18446
1.11509
1.22256
1.15514
1.29996
1.34477
1.18124
1.26714
1.11546
1.80465
1.45627
1.25868
1.39381
1.22451
1.34497
1.32633
1.19585
1.19697
1.16544
1.71245
1.46308
1.14084
1.20795
1.40379
1.16611
1.18168
1.27965
1.28505
1.12957
1.16877
1.53744
1.53116
1.53918
1.21519
1.1603
1.14214
1.31954
1.75062
1.94045
1.21025
1.29765
1.54936
1.1713
1.87862
1.08954
1.11437
1.08593
1.94466
1.32786
1.25539
1.31097
1.1192
1.42762
1.33077
1.24057
1.22658
1.23077
1.11328
1.10021
1.20604
1.09627
1.2448
1.59717
1.23147
1.4363
1.1158
1.30264
1.28253
1.1029
1.35538
1.33902
1.11543
1.36777
1.3624
1.40388
1.3319
1.3246
1.15872
1.13536
1.08208
1.72957
2.1287
1.22354
2.06859
1.43613
1.45056
1.11472
1.10883
1.11702
1.14349
1.13673
1.20333
1.13806
1.15518
1.12278
1.74527
1.34568
2.13799
1.45556
1.23316
1.27942
1.26885
1.19969
1.11637
1.11228
1.12504
1.54319
1.31959
2.23975
1.11691
1.17571
1.30174
1.10566
1.45618
1.20882
1.25467
1.12116
1.14296
1.27331
1.35091
1.31337
1.44548
1.19849
1.11596
1.19482
1.22834
1.08173
1.48453
1.10848
1.76373
1.27773
1.26365
1.18067
1.29395
1.28023
1.39133
1.56079
1.16723
1.3512
1.24722
1.24609
1.20553
1.18694
1.25681
1.38691
1.11438
1.11372
1.20662
1.77919
1.226
1.11457
1.5356
1.09475
1.73869
1.35637
1.08504
1.33361
1.37356
1.27294
1.11529
1.17201
1.10998
1.1139
1.14231
1.63409
1.11734
1.19445
1.11663
1.10915
1.13275
1.61835
1.13456
1.11321
1.59557
1.63425
1.1847
1.18115
1.64976
1.51519
1.1081
1.09624
1.2002
1.48954
1.16518
1.18541
1.50491
1.45529
1.11622
1.21959
1.11224
1.82758
1.48623
1.53543
1.32211
1.31768
1.33046
1.11716
1.12767
1.17756
1.34626
1.41073
1.14872
1.15968
1.16345
1.19901
1.2948
1.40882
1.22933
1.12206
1.1075
1.82758
1.48623
1.53543
1.32211
1.31768
1.33046
1.11716
1.12767
1.17756
1.34626
1.41073
1.14872
1.15968
1.16345
1.19901
1.2948
1.40882
1.22933
1.12206
1.1075
1.59689
1.11708
1.39596
1.68522
1.7597
1.24481
1.26379
1.11186
1.20182
1.12776
1.89679
1.17627
1.67896
3.30977
2.17089
1.40663
1.11471
1.3522
1.1138
1.11915
1.1026
1.10808
1.12961
1.19678
3.23205
1.9176
1.24999
1.18657
1.35982
1.27171
1.1152
1.32807
1.3151
1.12813
1.35902
1.22008
1.25288
1.11639
1.30005
1.14954
1.342
1.21501
1.16888
1.27205
1.10604
1.11336
1.27461
1.22054
1.11846
1.32774
1.22691
1.34525
1.55626
1.79301
1.59015
1.45364
1.11286
1.43606
1.86336
2.36336
1.31492
1.14457
1.14244
1.12223
1.27205
1.12163
1.30579
1.58718
1.66621
1.11667
1.52153
1.11744
1.41662
1.83009
1.23058
1.19421
1.11432
1.95383
1.36954
1.42314
1.19231
1.13133
1.13483
1.94106
1.30594
1.90147
1.12339
1.11492
1.08559
1.26084
1.52802
1.34934
1.77949
1.1953
1.52361
1.11607
1.36943
1.11863
1.09875
1.73121
1.7709
1.7683
1.23307
1.2111
1.18375
1.35564
1.19627
1.14041
1.36577
1.29513
1.15141
1.19547
2.66604
1.67765
2.01045
1.65853
1.27787
1.70591
1.48646
1.4959
1.29937
1.47931
1.28353
1.49354
1.18715
1.1854
1.17586
1.24327
1.0964
1.43266
1.2952
1.15236
1.1784
1.26541
1.11063
1.38176
1.50559
2.08227
1.30426
1.33887
1.48942
1.5503
1.24711
1.11322
1.51671
1.95507
1.37258
1.75383
1.11846
1.17051
1.11942
1.16744
1.16616
1.11742
1.44694
1.4073
1.12951
1.11811
1.08836
1.61103
1.11828
1.31673
1.20843
1.27162
1.33565
1.13459
1.14816
1.2739
2.05273
2.17398
1.50506
2.125
1.96931
1.16749
1.24967
1.11613
1.33409
1.37351
1.21195
1.21406
1.17977
1.14469
1.17908
1.18398
1.23168
1.24374
1.11603
1.74627
1.10713
1.33108
1.11891
1.11799
1.54702
1.29387
1.46092
1.60822
1.30906
1.44084
1.41935
1.5398
1.11637
1.16345
1.139
1.14875
1.61969
1.2861
1.40057
1.61364
1.29101
1.29912
1.09155
1.13507
1.08538
1.23522
1.21795
1.20857
1.23325
1.11565
1.15313
1.14442
1.27804
1.32745
1.26289
1.38719
1.6235
1.39571
2.13384
1.22782
1.42507
1.51013
1.15221
1.1208
1.09876
1.28844
1.09221
1.22769
1.52281
1.41495
1.40837
1.4404
1.10733
1.11337
1.11061
1.08337
1.14128
1.45109
1.11663
1.59549
1.12302
1.67547
1.42196
2.57663
1.38011
1.52064
1.35864
1.14597
1.1164
1.1181
1.11698
1.11748
1.19978
1.14547
1.5967
1.42826
1.32838
1.11562
1.16321
1.13619
1.1137
1.08241
1.6957
1.99618
1.59352
1.29547
1.20839
1.2092
1.14744
1.22342
1.42728
1.20136
1.10505
1.10502
1.42129
1.73987
1.78131
1.11707
1.16106
1.11376
1.57429
1.11646
1.70667
1.51219
1.26005
1.42625
1.45951
2.08035
1.41521
1.15755
1.1102
1.1577
1.11416
1.37577
1.91184
1.31542
1.29394
2.12872
2.18395
1.23084
1.44628
1.09133
1.47605
1.67412
1.12067
1.49661
2.0402
1.17364
1.41252
1.11911
1.12697
1.43052
1.68134
1.34878
1.2989
1.55924
1.23033
1.27694
1.19165
1.11453
1.27209
1.204
1.2282
1.10103
1.87316
1.28888
1.24962
1.19392
1.11505
1.10731
1.12765
1.11491
1.13156
1.11644
1.13348
1.10237
1.2881
1.1868
1.27967
1.11735
1.17301
1.41991
1.47444
1.16182
1.1288
1.56227
1.59152
1.58522
1.299
1.30384
1.30544
1.11759
1.1583
1.24367
1.21482
1.09578
1.62087
1.52312
1.25391
1.72508
1.3782
1.20197
1.08635
1.41095
1.12048
1.12479
1.42144
1.10522
1.52583
2.08769
1.11738
1.26266
1.22903
1.6738
1.29857
1.46808
1.35081
1.35522
1.31542
1.26133
1.08551
1.87482
1.60309
1.27179
1.31246
1.41499
1.12336
1.12285
1.19584
1.27591
1.1563
1.11473
1.1136
1.1049
1.7604
1.34761
1.15282
1.18968
1.11675
1.2721
1.13117
1.09494
1.11512
1.11255
1.62228
1.63881
1.11577
1.44746
1.87712
1.5349
1.11307
1.16386
1.56658
1.1157
1.82848
1.19507
1.11845
1.23332
1.22362
1.2348
1.20682
1.11634
1.30495
1.11662
1.87405
1.23765
1.28679
1.13814
1.24078
1.80696
1.68233
1.4602
1.13066
1.1178
1.94827
1.26305
1.21086
1.32095
1.3127
1.80495
1.12351
1.13136
1.36527
1.11517
1.20513
1.63352
1.53904
1.29312
1.11342
1.87681
1.21471
1.28721
1.17516
1.25309
1.65642
1.62949
1.21493
1.29343
1.28978
1.23198
1.32877
1.19873
1.42361
1.12226
1.09547
1.1254
1.56448
1.44079
1.201
1.24636
1.59761
1.46431
1.76296
1.104
1.60442
1.1172
1.18738
2.30273
2.65924
1.43972
1.15082
1.11878
1.11798
1.1295
1.24245
1.98585
1.33865
1.38065
1.21438
1.6053
1.92496
1.11764
1.18482
1.08331
1.63968
1.40492
1.27594
1.48532
1.16023
1.2447
1.14351
1.23143
1.33093
1.41558
1.15883
1.10031
1.1151
1.79796
1.62283
1.34621
1.19343
1.4665
1.63922
1.94059
1.80085
2.0252
1.49851
1.55239
2.13376
1.77789
1.32041
1.28993
1.11633
1.23363
1.278
1.16577
1.4602
1.26789
1.14122
1.18858
1.81348
1.86843
1.91779
1.21168
1.16702
1.54199
1.11134
1.4022
1.29837
2.0363
1.10747
1.1152
1.16046
1.31217
1.42873
1.62153
1.17967
1.93757
1.7224
1.56792
1.27684
1.1919
1.15165
1.1773
1.11711
1.11716
1.13231
1.24134
1.72282
1.35058
1.16293
1.10922
1.10037
1.10831
1.32715
1.49437
1.5159
1.35211
1.14397
1.11779
1.15686
1.25997
1.21425
1.18036
1.26548
1.0806
1.12006
1.12196
1.49636
1.53511
1.52852
1.44088
1.66616
1.72285
1.7825
1.49539
1.31282
1.6817
1.58046
1.60407
1.65237
1.63539
1.67644
1.16032
1.10836
1.11512
1.44224
1.40945
1.27817
1.11206
1.3497
1.20074
1.19142
1.104
1.60442
1.1172
1.18738
2.30273
2.65924
1.43972
1.15082
1.11878
1.11798
1.1295
1.24245
1.98585
1.33865
1.38065
1.21438
1.6053
1.92496
1.11764
1.18482
1.08331
1.63968
1.40492
1.27594
1.48532
1.16023
1.2447
1.14351
1.23143
1.33093
1.41558
1.15883
1.10031
1.1151
1.79796
1.62283
1.34621
1.19343
1.4665
1.63922
1.94059
1.80085
2.0252
1.49851
1.55239
2.13376
1.77789
1.32041
1.28993
1.11633
1.23363
1.278
1.16577
1.4602
1.26789
1.65642
1.62949
1.21493
1.29343
1.28978
1.23198
1.32877
1.19873
1.42361
1.12226
1.09547
1.1254
1.56448
1.44079
1.201
1.24636
1.59761
1.46431
1.76296
1.26837
1.35559
1.37909
1.24983
1.16302
1.11614
1.15284
1.18441
1.2352
1.16219
1.13158
1.08594
1.75679
1.15111
1.31308
1.19299
1.26835
1.11561
1.17618
1.22444
1.21491
1.27223
1.42164
1.84731
1.43078
1.39671
1.2878
1.12505
1.35009
1.10958
1.58183
1.45643
1.32021
1.11638
1.61276
1.24049
1.28714
1.11611
1.09623
1.11787
1.11637
1.6111
1.76992
1.48227
1.42708
1.20536
1.11618
1.11224
1.11641
1.52466
1.64976
1.51519
1.1081
1.09624
1.2002
1.48954
1.16518
1.18541
1.50491
1.45529
1.11622
1.21959
1.11224
1.80812
1.1136
1.47375
1.22717
1.30254
1.30148
1.11543
1.11385
1.18446
1.11564
1.11705
1.11977
1.25988
1.19036
1.21966
1.11255
1.29419
1.17499
1.26232
1.11696
1.10073
1.13254
1.09236
1.55731
1.24729
1.28138
1.51864
1.11512
1.11488
1.11029
1.31941
1.54647
1.54329
1.31866
1.13686
1.78476
1.17408
1.33535
1.42077
1.40977
1.58047
2.17223
1.39735
1.11001
1.29988
1.50575
1.11775
1.61325
1.7633
1.52579
1.16854
1.5195
1.5602
1.11751
1.23376
1.20548
1.78789
1.64117
1.61383
1.62092
1.67115
1.3298
1.1823
1.11602
1.11693
1.10804
1.08623
1.18907
1.4219
1.42753
1.78259
1.28031
1.69958
1.11332
1.13059
1.11327
1.11177
1.11409
1.0829
1.3654
1.28112
1.43329
1.26764
1.27265
1.13099
1.52189
1.4665
1.29052
1.0981
1.11724
1.12711
1.46209
1.3228
1.14423
1.15004
1.11726
1.24039
1.28324
1.1379
1.59025
1.63238
1.38118
1.34481
1.49789
1.25132
1.11428
1.11809
1.10012
1.1293
1.14753
1.13455
1.10497
1.73503
1.5989
1.72092
1.73111
1.50481
1.26834
1.24182
1.30216
1.13322
1.25016
1.0899
1.32127
2.24089
1.31394
1.38249
1.11883
1.29072
1.20905
1.17996
1.6352
1.11798
1.11575
1.31322
1.29059
1.39601
1.35855
1.16581
1.2477
1.10382
1.31263
1.35775
1.27609
1.61223
1.56948
1.24707
1.63215
1.27998
1.97223
1.35571
1.28097
1.11526
1.52905
1.43468
1.11597
1.43958
1.24647
1.19926
1.1236
1.39312
1.3529
1.14829
1.1545
1.63521
1.92036
1.09064
1.31593
1.69405
1.25013
1.11503
1.62052
1.59454
1.15127
1.21994
1.36651
1.52305
1.16183
1.13423
1.97541
1.47218
1.35733
1.22164
1.22467
1.1566
1.11698
1.11712
1.21743
1.11169
1.31578
1.11419
1.09079
1.55138
1.27965
1.3189
2.04332
1.59835
1.26029
1.28814
1.11339
1.12278
1.08103
1.14196
1.48326
1.33967
1.23824
1.3031
1.15826
1.12702
1.13958
1.11734
1.9069
1.52391
3.18316
1.12551
1.42337
1.17221
1.37877
1.11322
1.22683
1.11658
1.32161
1.47503
1.46682
1.76225
1.13545
1.11967
1.45621
1.28479
1.13313
1.34871
1.30045
1.16515
1.12051
2.12759
1.55258
1.16396
1.29382
1.22687
1.60456
1.41252
1.32084
1.31576
1.11792
1.08874
2.06498
1.34078
1.08832
1.46596
1.2423
1.45871
1.11035
1.21871
1.13778
1.13715
1.14737
1.1509
1.27543
1.24168
1.37752
1.49614
1.53862
1.3028
1.52368
1.27494
1.24718
1.19275
1.13288
1.16269
1.40025
1.5601
1.38718
1.40312
1.30321
1.48097
1.43703
1.54994
1.24556
1.42394
1.29476
1.50531
1.16076
1.86852
1.27215
1.85828
1.11342
1.5348
1.31168
1.16267
1.11632
1.1169
1.50561
1.19846
1.16597
1.11246
1.14575
1.74304
1.42748
1.14743
1.27525
1.14165
1.13416
1.37846
1.38032
1.35888
1.1688
1.19315
1.18478
1.13041
1.38521
1.38213
1.43332
1.25824
1.26842
1.27942
1.34164
1.17965
1.25538
1.18611
1.11617
1.24545
1.20404
1.30983
1.33684
1.08535
1.25221
1.1157
1.43204
1.6224
1.99764
1.4835
1.12022
