1.12958
1.18693
1.68707
1.37399
1.17786
1.31703
1.1139
1.10674
1.32857
2.23172
1.67402
1.9714
1.59712
1.45089
1.24292
1.45057
1.17915
2.87445
1.11667
1.11861
1.11096
1.40966
2.1192
1.33836
1.41916
2.34413
1.89311
1.07868
1.14798
1.72032
1.15468
1.18687
1.11576
1.30364
2.81674
1.11753
1.45479
1.16274
1.47333
1.17927
1.1886
1.48771
1.16377
1.11479
1.10908
1.14712
1.31168
2.45868
1.11401
1.10864
1.11197
1.2492
2.07164
1.82396
1.61532
1.64977
1.15043
1.20662
1.42396
1.93755
1.40205
1.16727
1.16104
1.15955
1.41332
1.38913
1.15495
1.16419
1.12973
1.24113
1.3058
1.4858
1.14736
1.15928
1.11584
1.11621
1.11605
1.33497
1.29617
1.83179
1.2017
1.24022
1.20319
1.98148
1.15551
1.24689
1.11728
1.59228
1.26293
1.16488
1.14446
1.84138
1.3339
1.14163
1.37512
1.30039
1.3663
1.92468
1.56
1.50487
1.30214
1.16386
1.48018
1.23027
2.4764
1.11909
1.11655
1.12939
1.16281
2.49981
1.71791
2.66555
1.16902
1.37436
1.29795
1.10464
1.21439
1.25211
1.18581
1.30095
1.33273
1.82137
1.58679
1.35883
1.25256
1.15971
2.16254
1.50413
1.11688
1.23639
1.52985
1.20799
1.53622
1.15986
1.49992
1.24783
1.11851
1.22034
1.16817
1.1234
1.20121
1.25135
1.80677
1.17552
1.87626
1.92192
2.28002
1.8355
1.11603
1.23598
1.12007
1.90867
1.15125
1.56061
1.42507
2.80866
1.18329
1.82244
1.62088
1.42355
1.65283
1.13153
1.11594
1.11752
1.52426
1.24184
1.10598
1.34081
1.17613
1.26007
2.02941
1.14113
1.15504
3.14242
1.27774
1.32442
1.10247
1.73378
1.11284
1.1958
1.47754
2.68003
1.11473
1.24004
2.72561
1.26098
1.5238
1.26426
1.56688
1.25407
1.17377
1.23825
1.21513
1.3992
1.13651
1.297
1.12964
1.51471
1.35281
1.28305
2.01916
1.25321
1.46696
1.23103
1.20799
1.12099
1.15656
1.40971
1.12195
1.27549
1.1636
1.22274
1.23295
1.82992
1.23306
1.15081
1.3399
2.03307
1.60594
1.4478
1.20345
1.15179
2.31006
1.97529
1.22928
1.25024
1.18906
1.4473
1.12591
1.66582
1.20134
1.12397
1.11065
1.20808
1.5882
1.7031
1.37104
1.35694
1.18734
1.53987
1.33258
1.29182
1.16786
1.11719
1.16906
1.71991
2.68241
1.48082
1.19331
1.16619
1.15038
2.39516
1.90601
1.1446
2.17002
1.16381
1.12942
1.15791
1.22395
1.5414
1.29112
1.21845
1.11323
1.11573
1.26717
1.24579
1.92855
1.15186
1.3058
1.22557
1.11465
1.28556
1.39015
1.11615
1.88358
1.55886
1.11563
1.09986
1.48626
1.26262
1.32092
1.51308
1.37593
2.53988
1.99418
3.4475
1.51869
1.17383
1.29836
1.27467
1.41626
1.56034
1.28669
1.83859
1.11423
1.31391
1.3223
1.18083
1.16617
1.21419
1.27763
1.12697
1.3353
1.18694
1.18207
2.43784
1.19113
1.36732
1.34979
1.47305
2.18486
1.75586
1.18517
1.1491
1.36313
1.0925
1.37123
1.37196
1.28664
1.19726
1.17427
1.39372
1.26418
1.16083
1.14481
1.16184
1.22458
1.47181
1.32007
1.08178
1.2797
1.15207
1.99314
1.78362
1.36103
1.8029
1.66725
15.8957
1.13878
1.66037
1.1289
1.37287
1.58738
1.34749
1.18958
1.10078
1.11552
1.15412
1.14875
1.16607
1.41668
1.13939
1.84509
1.11363
1.1518
1.35874
1.23647
1.63359
1.15387
1.31018
1.31416
1.27203
1.17636
1.14112
1.13285
1.45804
1.16942
1.24786
1.4669
1.54529
1.44822
1.4155
1.23213
1.20012
1.17995
1.2346
1.28244
1.29643
1.19755
1.15536
1.21714
1.13485
2.24193
1.40096
1.49754
1.18156
1.77485
1.7611
1.10378
1.53749
1.22258
1.1161
1.50759
2.0397
1.71105
1.54126
1.18718
2.03313
2.20426
1.81819
1.21481
1.30615
1.22578
1.11394
1.25064
1.93614
1.11374
1.13719
1.45282
1.10253
1.11839
1.28402
1.16439
1.13243
1.10971
1.55318
1.20935
1.25093
1.27185
1.88877
1.11348
2.28469
1.09303
1.19435
1.11509
1.77714
1.22719
2.62316
1.15761
1.50913
1.63121
1.33056
1.25996
3.32783
1.61061
1.26393
1.32287
1.25076
1.61234
1.15014
1.84954
1.11386
1.27443
1.38378
1.14735
1.31533
1.13237
1.11767
1.59901
1.10389
1.19593
1.11659
1.11293
1.42319
1.26203
1.13407
1.11116
1.28281
1.2731
1.24843
1.34705
1.85832
1.18917
1.26631
1.20137
1.27161
1.55573
1.47776
1.15306
1.38185
1.18377
1.28572
1.23749
1.41979
1.12016
1.21788
1.22515
1.16615
1.50944
1.11697
1.24474
1.22672
1.35119
1.21263
3.3656
1.63232
1.2134
1.1506
3.63097
3.72868
4.57307
1.31992
1.31431
1.22157
1.83788
1.51079
1.11621
1.12285
1.17236
1.48242
1.20346
1.23986
1.42391
1.38026
1.87458
1.3557
1.18504
1.15016
1.11711
1.11542
1.49678
1.11697
2.12923
1.14288
1.13602
1.9328
1.15502
1.61029
1.11593
1.57877
1.1916
1.39928
1.55297
1.1714
1.25362
1.5074
2.70696
1.15583
1.14346
1.18148
1.11832
1.68386
1.3471
1.14096
1.16079
1.31383
1.13882
1.23874
1.38625
1.14077
1.32476
1.48678
1.6288
1.19761
1.80035
1.29185
1.55613
1.77196
1.80671
1.71183
1.16858
2.26985
1.20336
1.30784
1.46091
1.10537
1.2159
2.29497
1.23708
3.37239
1.1349
1.30592
1.93898
1.19717
1.30271
1.55144
1.86008
1.48732
1.19826
1.22903
1.11538
2.12645
1.34561
1.2189
1.42087
1.48515
1.18056
1.65159
1.59373
1.32626
1.61774
1.11692
1.37829
1.39537
2.38569
1.52658
1.10551
1.27933
1.16795
1.38698
1.11663
1.12001
1.40815
1.55847
1.70224
1.13108
2.2397
1.51792
1.17881
1.11258
1.88064
1.16678
1.20195
1.411
1.12245
1.28244
1.83866
1.96332
1.68308
1.52246
1.30824
1.51623
1.20672
2.12939
1.41081
1.75546
1.68517
1.49034
1.49813
1.44231
1.11566
1.07882
1.10441
1.28636
1.9283
1.27405
1.12902
1.18717
1.47612
1.12558
1.88029
1.44009
1.21073
1.9526
1.19453
1.43604
1.57595
1.1327
1.31257
1.36816
1.55467
1.41743
1.23211
1.16969
1.19671
1.41967
1.136
1.27303
1.13534
1.22627
1.18826
1.11583
1.44325
1.12035
1.85524
1.12647
1.70106
1.7194
1.26282
1.28608
2.46892
1.23037
1.21199
1.12079
1.37491
1.63997
1.13237
1.66261
1.73865
1.58884
1.11656
1.18791
1.27974
1.62279
1.72761
1.17798
1.2188
1.56258
1.17086
1.13524
1.1332
1.11324
1.10853
2.19858
1.13609
1.90793
2.56369
1.25831
1.18661
1.27748
1.2906
1.12527
1.20655
1.73069
2.05755
1.88403
1.11782
2.00451
1.45233
1.27028
1.60557
1.25735
1.41335
1.15953
1.58187
1.22581
1.801
1.18375
1.11631
1.3238
1.20709
1.11606
1.19423
1.10934
1.2649
1.92726
2.5743
1.2954
1.22001
1.11507
1.29922
1.38018
1.67734
1.12883
1.17105
2.61528
1.10988
1.49016
1.25737
1.28581
1.58472
1.20493
1.48923
1.38843
1.16717
1.22157
1.14429
1.30256
1.58671
1.119
1.15431
1.74668
1.73743
2.15617
1.25474
3.18937
1.34044
1.37234
1.40521
1.42169
1.24692
1.2046
1.24771
1.28547
1.21739
1.1624
1.64698
1.44376
1.11532
1.48019
1.68452
1.15441
1.41047
1.4675
1.20464
1.23627
1.10242
1.15928
1.11753
1.22308
1.13036
1.24592
1.89568
1.56253
1.6204
1.24796
1.3061
1.11726
2.30429
1.21152
1.30541
1.49307
1.47725
1.86394
1.32333
1.11812
1.35797
1.33231
1.13353
1.48532
1.49178
1.26
1.27268
1.7332
1.20688
1.13685
1.69311
1.83315
1.22946
1.79141
1.11653
1.18462
1.29769
1.5217
1.27934
1.22148
1.22134
1.98215
1.55267
1.11147
1.42872
1.23906
1.27639
1.20822
1.11576
1.24448
1.51283
1.54938
1.74358
2.12028
1.2624
3.36384
1.29676
1.14353
1.35989
1.14636
1.62019
1.46305
2.58455
1.19899
1.20203
1.46194
1.16714
1.13266
1.91976
1.94558
1.77399
1.25862
1.26375
1.40257
1.24925
1.97628
1.46518
1.18107
1.19862
1.39719
1.17041
1.20646
1.14639
1.16976
1.11588
1.26208
1.60544
1.94046
1.11635
1.31418
2.23142
1.24787
1.11757
1.23677
1.20738
1.50049
1.35476
1.12277
1.59763
1.68239
1.25665
1.50699
1.4873
1.52902
1.24705
1.80404
1.1688
1.60161
1.99671
1.66363
1.25014
1.82538
1.15347
1.38825
1.20014
1.65627
1.14434
1.11379
1.12535
1.10981
1.37863
1.23317
1.11351
1.12931
1.11602
1.13491
2.55962
3.38561
1.23588
2.25563
2.52088
1.29657
1.20868
1.22134
1.17548
1.11489
1.15215
1.14562
1.08549
1.4577
1.17068
1.11797
1.26708
1.1353
1.11942
1.48051
1.35333
1.42892
1.42026
1.2159
1.22181
1.31214
1.58065
1.5295
1.14515
1.38115
1.28562
1.13408
1.19152
1.73869
1.50747
1.30286
1.27365
1.22689
1.19143
1.80142
1.292
1.34603
1.77656
1.22284
1.259
1.2697
2.25057
1.4706
1.26264
1.25724
1.3995
1.27073
2.13487
1.14981
1.20985
1.50367
1.33549
1.62943
1.11539
1.37222
1.39872
1.15594
1.35718
1.1798
1.3588
1.18636
1.30958
1.50944
1.16467
1.64626
2.37068
1.17385
1.15309
1.29934
1.12089
1.91259
1.44058
1.11395
1.21426
1.38624
1.12311
1.23691
1.29574
1.27509
1.13532
1.39051
1.35672
1.14651
1.106
1.22344
1.2675
1.25427
1.34352
1.17746
1.9602
1.13866
1.44233
1.30411
1.18317
1.11488
2.44693
1.14293
1.1406
1.20143
1.11594
1.15829
1.27054
1.57503
1.41256
1.14545
1.24421
1.11636
1.20061
1.2804
1.11535
1.23147
1.38323
1.26668
1.49659
1.70916
1.12795
1.63329
1.43566
1.45396
1.68522
1.16218
1.72021
1.14023
1.26143
1.91961
1.21854
1.42079
1.56078
1.48335
1.21008
1.13498
1.19257
1.09064
1.57392
1.5307
2.81914
1.46454
1.20485
1.34974
1.11552
1.17717
2.65503
1.12711
1.10845
1.20429
1.22354
1.14951
1.1102
1.57532
1.24869
3.01964
1.23078
1.14937
1.11765
1.56413
1.43178
1.52989
2.11478
1.11652
1.40328
1.214
1.64754
1.52178
1.20641
1.1697
1.4447
1.10092
1.32386
1.22361
1.09436
1.11547
1.16793
1.25718
1.35541
1.09065
1.21695
1.28457
1.22221
1.26301
2.20781
1.31682
1.74477
1.11124
1.25073
1.38501
1.11611
1.28335
1.30865
1.35405
1.58011
1.1487
1.88902
2.3532
1.11415
1.22944
1.12699
1.15433
1.22226
1.79824
1.13924
1.30306
1.18733
1.51255
1.53867
1.38036
1.36333
1.53182
1.59274
1.11777
1.20998
1.19827
1.11524
1.3198
1.6743
1.22773
1.18506
1.14266
1.24455
1.11081
1.1162
1.26538
1.26826
1.37737
1.10386
1.65132
1.11824
1.20563
1.18422
1.11665
1.1913
1.11084
1.14291
1.15406
1.25671
1.17015
1.70025
1.12215
1.31009
1.13032
2.20344
1.12348
1.1687
1.14939
1.22571
1.44248
1.17615
3.00232
1.32154
1.51016
1.38004
1.23865
1.29389
5.43949
1.19581
1.25109
2.32371
1.21329
2.17666
1.52989
1.35217
2.08028
1.17909
1.11407
1.11609
2.4959
1.29612
1.24215
1.17421
1.11715
1.54729
1.11237
1.11401
1.31145
1.16755
1.11561
1.57833
1.44567
2.99073
1.11592
1.47042
2.19719
2.18777
1.11312
2.04031
1.14554
1.16852
1.3312
1.32221
2.07616
1.47986
1.28013
2.21429
1.82716
1.23201
1.64242
1.54809
1.26447
1.16702
1.51315
1.2837
1.15256
1.63753
1.21708
1.18018
1.2527
1.41124
1.13789
2.61572
1.28499
1.09062
1.13087
1.12533
1.31224
1.78724
1.11284
1.48029
1.12884
1.26711
1.10504
1.10862
1.32032
1.1078
1.49098
1.55646
1.2828
1.31359
1.71879
1.52837
1.40198
1.4611
2.65231
1.65743
1.1762
1.09724
1.65811
1.29068
1.82973
1.11559
1.11691
1.21386
1.10455
1.47009
1.33683
1.89341
1.20052
1.757
1.36776
1.70645
1.11496
1.16539
1.11419
1.4765
1.54886
1.15185
1.12595
1.10075
1.13056
1.13311
1.40218
1.09213
1.43983
1.11451
1.61918
1.20881
1.15787
1.14205
1.251
1.1566
1.66316
1.17834
1.32974
1.41598
1.50634
1.11087
1.31022
1.84377
1.32205
1.19601
1.16337
1.16959
1.22433
1.15793
1.22904
1.12628
1.11915
1.16475
1.90455
1.2015
1.17931
1.15994
2.85414
1.31527
1.3737
1.3647
1.69193
1.1722
1.53639
1.26233
1.46413
1.18985
1.12921
1.1942
1.50047
1.20902
1.45538
1.60968
1.54798
1.1829
1.08707
1.95187
1.90509
4.45931
1.16803
1.47397
1.16722
1.53383
1.46866
1.39256
2.02179
1.87221
1.18319
1.21283
1.27421
2.09253
1.42072
1.58739
1.36482
1.31558
1.30649
1.28173
1.27987
1.19353
1.31747
1.36371
1.11538
1.31077
1.21195
1.26275
1.2438
1.16305
1.43117
1.83859
1.39949
1.11471
1.23281
2.95595
1.48812
1.26266
1.49001
2.25128
1.25703
2.28104
1.29453
1.21191
1.10761
1.11798
1.11165
1.16674
1.11607
1.15323
1.12317
2.14812
1.31196
1.23876
1.11304
1.11782
1.51202
1.29009
1.44078
1.70465
1.38255
1.63528
1.30728
1.1229
1.90148
1.29053
1.10363
1.13938
2.12285
1.11777
1.62615
1.16591
1.19087
1.5112
1.3306
1.12159
1.16658
1.43916
1.506
1.51949
1.12685
1.26765
1.14693
1.76863
1.74924
1.1216
1.22357
1.95712
1.23474
1.27227
1.44815
2.15134
1.11162
1.20804
1.11918
1.48575
1.61743
2.0567
1.2603
1.1729
1.20637
2.04267
1.27701
2.74509
2.13323
1.15944
1.24753
1.28004
1.26485
1.1082
3.10683
1.09787
1.17363
1.15441
1.26244
1.32223
1.76399
2.68667
2.06224
1.66815
1.37047
1.11647
2.06739
1.54921
1.15677
2.49078
1.62745
1.44604
1.83639
1.43727
1.31289
1.27689
1.1482
2.5654
1.18478
1.51178
1.27069
1.3897
1.15689
1.32642
1.36995
1.13179
1.4406
1.29434
1.77653
1.28748
1.25416
1.37508
1.27078
1.26049
1.14202
1.12912
1.14998
1.46171
1.42227
1.28577
1.17804
1.17199
2.50283
2.6838
1.11503
1.30782
1.10281
1.88239
2.31633
2.75052
1.52161
1.24569
1.3866
1.21627
1.15573
1.30584
1.23507
1.21657
1.43646
1.20764
1.20063
1.17857
1.12971
1.16887
1.36647
1.1591
1.15152
1.25074
1.45471
1.44664
1.55242
1.51078
1.11463
1.14091
1.11655
1.22734
1.69631
1.12252
1.39461
1.11462
1.27087
1.16234
1.11503
1.28623
1.92205
1.3319
1.6001
1.98779
1.38016
1.26211
1.2797
1.40213
1.11499
1.67966
1.3024
1.22593
1.23654
1.11781
1.42951
1.24494
1.17124
1.2578
1.53835
1.16741
1.27395
1.16841
1.25035
1.31816
1.14369
1.11637
1.41478
1.22314
1.11675
1.39567
1.23952
1.66667
1.27897
1.11714
1.75797
1.39372
1.11471
1.62287
1.21999
1.16801
1.50598
1.11557
1.19293
1.11891
1.19217
1.42297
1.41671
1.14977
1.11595
2.29263
1.33634
1.20434
1.33692
1.28297
1.32393
1.57122
1.33404
1.31188
1.82097
1.31422
1.34085
2.17231
1.64015
2.11197
1.14052
1.35342
1.3371
1.15951
1.53156
1.12654
1.50565
1.47236
1.40758
1.21756
1.2472
1.40564
1.1438
4.69129
5.47429
3.53446
1.19802
1.14048
1.14664
1.09257
1.08208
2.14813
1.2152
1.51932
1.31114
1.28712
1.1472
1.16037
1.11466
1.9124
1.28892
1.11923
1.2343
1.25533
1.50737
1.13255
1.7872
1.21355
1.43363
1.27019
1.29483
1.09059
1.4596
1.52336
1.17551
1.22228
1.39831
1.09687
1.24756
1.23275
1.23816
1.52267
1.41452
1.46955
1.67895
1.42293
1.49067
1.26821
1.11336
1.22956
1.67091
1.1362
1.52184
2.13944
1.57286
1.26066
1.12964
1.92055
2.5839
1.12267
1.11294
1.15212
1.51053
1.53796
2.68729
1.33746
1.14781
1.24581
1.20083
1.11871
1.25197
1.56979
1.11668
1.45637
1.73734
1.34092
1.93826
1.12763
1.25682
1.36332
1.22236
1.16367
2.0794
1.71869
1.41834
1.22615
1.27034
1.11787
1.14146
1.11971
1.17446
2.10648
1.26304
1.21021
1.11885
1.13201
1.1176
1.12819
1.49112
1.12458
1.63572
1.11657
1.41759
1.22571
1.14119
1.1955
1.49248
1.1237
1.11629
1.73098
1.10295
1.13466
1.11569
1.98228
1.15934
1.40618
1.61546
1.51597
3.92878
1.15012
1.25943
1.23943
1.15619
1.22867
1.09589
1.11593
1.15673
1.21968
1.11509
1.4233
1.1901
1.11744
1.43288
1.19905
1.11488
1.11732
1.53073
1.37871
1.1143
1.13731
1.34622
1.24189
1.33113
1.17036
1.35866
1.12196
1.28696
1.90736
2.1158
1.11699
1.16058
1.2228
1.30366
1.18956
1.11519
2.00705
1.1565
1.29236
1.12596
1.51412
1.3728
1.14891
1.68236
1.21999
1.69995
1.78714
1.15894
1.41948
1.10775
1.95917
1.26838
1.09616
1.62624
1.22106
1.24097
1.34228
1.63214
1.21188
1.27289
1.1401
1.23519
1.19368
1.22845
1.40683
2.64275
1.11968
2.73852
1.11107
1.26865
1.54808
1.11537
1.40697
1.42656
1.14055
1.52976
1.59119
1.30455
1.20063
1.33529
1.69939
1.20592
1.14282
1.32443
1.30263
1.4644
1.56876
1.14537
1.17183
1.27348
1.15273
1.20517
1.19163
1.92305
1.15194
1.1141
1.38906
1.12861
1.81452
1.23181
1.53158
1.12275
1.2092
1.11066
1.23015
1.75506
1.21886
1.29993
1.50138
1.2439
1.37094
1.35816
2.45809
1.7117
1.11526
1.35033
1.34366
2.34216
1.45744
1.38236
1.11628
1.22116
1.11893
1.42421
1.25538
1.34927
1.29787
1.59719
1.85428
1.20019
1.15526
1.10849
1.29331
1.1193
1.11482
1.25794
1.10082
1.12696
1.10463
1.21186
2.33375
1.45428
1.19973
1.10793
1.19681
2.19189
1.20868
1.52768
2.38801
1.27843
1.46851
1.11607
1.22526
1.46571
1.28898
1.476
1.31969
1.11842
1.13044
1.4344
1.10487
1.34844
1.1685
1.33304
1.86231
1.2637
1.1154
2.0725
1.25118
1.21316
1.23961
1.44239
1.19031
2.71646
1.16447
1.38645
1.11012
1.15858
1.13257
1.87266
1.50205
2.37152
1.18376
1.10238
1.13411
1.31213
1.20101
1.17812
1.35339
1.13675
1.41962
1.51485
1.5497
1.36589
1.12067
1.21926
1.21877
1.22464
1.3267
1.86588
1.32785
1.18278
1.21439
1.84722
1.34449
1.93563
1.19704
2.48746
3.17324
1.30629
1.2603
1.11747
1.33476
1.45448
1.16025
1.30964
1.2537
1.19289
1.90806
1.28635
1.11874
1.14241
1.3411
1.11477
1.22934
1.14404
1.34439
1.11222
1.11659
1.11576
1.22987
1.53228
1.09732
1.59752
1.15748
1.55602
1.15249
1.19887
1.08152
1.22831
1.11352
1.28152
1.22318
1.2833
1.91955
1.15603
1.2501
1.6957
1.32036
1.11577
1.41801
1.50072
1.44974
1.33717
1.10552
1.22195
1.13126
1.20954
1.20147
1.08808
1.77526
1.11515
1.19107
1.15861
1.60618
1.11862
1.18902
1.10411
1.11515
1.62698
1.49631
1.40596
1.71411
1.11629
1.12773
1.12693
1.86017
1.10864
1.20251
1.1125
1.3998
1.84261
1.27684
1.42558
1.12147
1.30081
1.20704
1.51407
1.34551
1.14266
1.08464
1.08673
1.38479
1.2772
1.91872
1.49908
1.52016
1.17362
1.71316
1.17565
1.30694
1.42293
1.19243
1.11797
1.53805
1.69552
1.09543
1.67089
2.29275
1.56642
1.24552
1.13997
1.24609
1.18783
1.32839
1.83136
1.29321
1.21313
1.11395
1.11656
1.30269
1.59229
1.28596
1.14992
1.29222
1.15164
1.32138
1.21496
1.47258
1.11701
1.09839
1.36976
1.16732
1.64456
1.28714
1.65523
1.11971
1.65448
1.11569
1.69626
1.09017
1.11498
1.38796
1.92286
1.91575
1.25855
1.47957
1.53693
1.66329
1.24568
1.11484
1.36101
1.13541
1.40987
1.6245
1.70104
1.32842
2.09494
1.11767
1.38492
1.8176
1.27073
1.5073
2.05925
1.21065
1.20494
1.5521
1.31612
1.48825
1.34775
1.16231
1.28965
1.36268
1.2394
1.43748
1.25614
1.40236
1.21276
1.44648
1.4928
1.34183
1.24247
1.23189
1.42677
1.22852
1.19831
1.78841
1.88513
1.93148
2.22
1.1148
1.72287
1.28453
1.44615
1.14657
1.46957
1.15669
1.30255
1.69827
2.41519
1.35157
1.13641
1.9686
1.13921
1.13215
1.36094
1.13968
1.1258
1.6276
1.29591
1.11729
2.67193
1.163
1.6624
1.4009
1.27376
1.29837
1.52238
1.2919
1.25825
1.11579
1.45848
1.57739
1.26152
1.11657
1.59066
1.3982
1.18357
1.11741
1.16895
1.68524
1.84569
1.15441
1.87777
2.02098
1.28322
2.00436
1.11257
1.09806
1.19426
1.33424
1.21245
1.2736
1.11456
1.29126
1.12795
1.41933
1.14631
1.5475
2.03732
1.28265
1.56904
1.13686
1.63278
1.33217
1.33768
1.11816
1.57733
1.11652
1.51353
1.30169
1.25065
1.42087
1.28746
1.2651
1.36104
1.6532
1.29734
1.51379
2.44378
1.13436
1.08793
1.19642
1.11736
1.11196
1.53579
1.36997
1.28592
1.20747
1.6595
1.77643
1.1007
1.55549
1.1939
1.44794
1.33468
2.24465
1.10924
1.18719
1.57488
1.29479
1.84259
1.39818
1.40852
1.21567
1.11414
1.19608
1.46813
1.34365
1.24558
1.13175
1.25443
1.25177
1.1162
1.11683
1.10757
1.12508
1.48569
1.43692
1.31854
1.17492
1.13829
1.25834
1.86154
1.15687
1.64383
1.44427
1.11916
1.21234
1.18139
1.49202
1.11559
1.87846
1.26806
1.62582
1.26301
1.30464
1.48458
1.34148
1.22142
1.35652
1.60824
1.32052
1.18937
1.12964
1.15345
1.59445
2.98901
1.13291
2.80944
1.21045
1.12098
1.09768
1.12593
1.32602
1.11824
1.66089
1.30622
1.57535
1.51004
1.27876
1.49897
1.30259
1.54061
1.11916
1.32164
1.11419
1.27187
1.22616
1.47787
1.25483
1.47711
1.3905
1.12546
1.31573
1.13474
1.11388
1.31675
1.14291
1.12551
1.11618
1.58801
1.26358
1.25659
1.29694
1.29669
1.14619
1.11506
1.21384
1.24805
1.39683
1.68573
1.10386
1.52456
1.18206
1.20158
1.1149
1.17567
1.1169
1.28287
1.11329
1.33986
1.21982
1.21091
1.48919
1.66855
1.10465
1.44461
1.37825
1.1745
1.29883
1.09407
1.13046
1.51196
1.20883
1.11954
3.04438
1.24987
1.5961
2.95356
1.72153
1.44715
1.37593
1.11741
1.20484
1.47927
1.36961
1.11708
1.15039
2.42933
1.11331
1.21073
1.11623
1.22533
1.37565
1.5828
1.42588
1.10022
1.1832
1.19458
1.29551
1.24156
1.20647
1.14272
2.44484
1.40645
1.26032
1.31641
1.77071
1.11482
1.15916
1.28684
1.38088
1.45828
1.29837
1.24562
1.32915
1.20687
1.97823
1.11754
1.09004
1.40454
1.19202
1.22015
1.78798
1.17311
1.4246
1.12915
1.23953
1.11797
1.41228
1.45117
1.2226
1.38158
1.87695
1.83297
1.73425
1.2734
1.14548
1.25115
1.38799
1.32026
1.17803
1.33435
1.15646
4.15654
4.16544
1.30088
1.49016
1.11288
1.15168
2.7389
1.67026
1.08706
2.31329
1.21751
1.16679
2.42107
2.7656
1.25188
1.33481
1.74035
1.88424
1.14684
1.11618
2.939
1.58858
1.20638
1.13916
1.11055
1.48807
1.56165
1.14574
1.20318
1.17368
2.34171
1.29747
1.34101
1.16438
1.11031
1.27013
1.90434
1.58108
1.11267
1.44782
1.15825
1.18118
1.27356
1.27718
1.11744
1.12489
2.5987
1.45376
1.14206
1.11481
1.17658
1.15817
1.14093
1.3673
1.59091
1.16937
1.94673
1.25133
1.66183
1.2257
1.19527
1.21464
1.14549
1.79528
1.23171
2.37502
3.30632
1.11656
1.26358
2.2928
1.45217
1.57385
1.11776
1.55004
1.12321
1.40954
1.20853
1.24742
1.26324
1.18394
1.31316
1.11671
1.29603
1.09762
2.94444
1.45287
1.24968
1.26275
1.10016
1.14953
1.20311
1.73328
1.11487
1.12167
3.01584
1.43825
1.84885
1.66959
1.2415
1.81363
1.97614
1.47656
1.10757
1.11579
1.15757
1.23348
1.20167
1.23004
1.24349
1.79474
1.19056
2.13617
1.37106
1.12451
1.27311
1.15127
1.40721
1.15111
1.90009
1.68621
2.092
1.30534
1.2798
1.18428
1.15037
1.13908
1.51886
1.11596
1.24408
1.08764
1.31797
1.70741
1.21522
1.2438
1.57782
1.10449
1.61919
2.2148
1.1326
1.55734
1.42354
1.31001
1.39307
1.33816
1.63732
1.52056
1.25692
1.32131
1.21464
1.5186
1.16734
1.16943
1.17977
1.62142
1.11654
1.11545
1.30701
1.30652
1.27701
1.15984
1.31305
1.2129
1.29402
1.11539
1.16611
2.07169
2.88164
1.17911
3.59885
4.32348
1.25632
1.30307
1.32233
1.23719
1.23125
1.16671
1.45896
1.20008
1.84127
1.41461
1.29743
1.27313
1.14337
1.32125
1.25063
1.2994
1.40574
1.36713
1.31513
1.24437
1.13536
1.17274
1.13558
1.21337
1.30013
1.16467
2.01499
2.06542
1.11725
1.17172
1.19222
1.25432
2.11685
1.20393
1.12792
1.45241
1.442
1.65304
1.30698
1.33283
1.25399
1.14326
1.18955
1.14049
1.2218
1.2139
1.1521
1.16438
1.58796
1.18003
1.17784
1.13658
1.20158
1.18477
1.11381
1.14679
1.12154
1.44743
1.11746
1.17008
1.15911
1.09972
1.79454
1.35037
1.21753
1.50679
1.11855
2.61393
1.1182
1.11533
1.32528
2.50903
1.44124
1.25207
1.33972
1.50797
1.11462
1.09817
1.47465
1.32464
1.11298
1.56163
2.76658
2.39706
1.42182
1.30401
1.16012
1.66862
1.50649
1.0885
1.6094
1.19437
1.14736
1.17459
1.52918
1.11759
1.17971
1.19148
1.21583
1.10106
1.33383
1.19472
1.23932
1.65719
1.48651
2.0958
1.16488
1.25187
1.15136
1.58841
1.43389
1.17383
