1.12054
1.67512
1.38746
1.25579
1.29989
1.49551
1.29183
1.22146
1.47216
1.57451
1.19864
1.1875
1.43984
1.20357
1.47436
1.27678
1.11602
1.52774
1.13793
1.11569
1.11352
1.23657
1.14041
1.33439
1.53572
1.26347
1.5555
1.30826
1.19699
1.11158
1.59575
1.12243
1.11778
1.17677
1.6697
1.11638
1.12802
1.23178
1.44882
1.1334
1.11827
1.28069
1.64361
1.34549
1.07803
1.29127
1.15023
1.50777
1.25785
1.39677
1.5332
1.24243
1.73923
1.1133
1.13774
1.30455
1.10444
1.08456
1.33137
1.51066
1.29127
1.1898
1.12597
1.196
1.31299
1.88972
1.5257
1.42403
1.11537
1.11551
1.11727
1.09511
1.11524
1.23427
1.1641
1.62502
2.04161
1.11458
1.23734
1.88223
1.52166
1.2803
1.11435
1.09546
1.43889
1.75334
1.86116
1.8191
1.17964
1.24355
1.23393
1.77656
1.60456
1.09081
1.59742
1.16514
1.83942
1.10121
1.3347
1.7139
1.10841
1.27222
1.08991
1.33554
1.11943
1.85057
1.11294
1.29935
1.12095
1.97316
1.30611
1.4227
1.53892
1.63565
1.31655
1.57552
2.34197
2.2264
1.72865
1.09295
1.08051
1.26131
1.34828
1.25776
1.12239
1.1075
1.13624
1.17643
1.56659
1.53817
1.28744
1.18705
1.11711
1.54159
1.11434
1.23643
1.11665
1.19384
1.10828
1.34272
1.16789
1.90772
1.33391
1.24777
1.09903
1.35565
1.32268
1.15886
1.28861
1.17994
1.16357
1.17942
1.10705
1.10098
1.09357
1.21885
1.08335
1.26459
1.32068
1.71766
1.13303
1.53158
1.52406
1.45931
1.48381
1.43958
1.11598
1.11616
1.40737
1.21342
1.27279
1.57184
1.2948
1.12297
1.51764
2.03133
1.26214
1.29317
1.27068
1.30768
1.13411
1.38518
1.12604
1.11952
1.40079
1.36048
1.30084
1.22603
1.24111
1.11747
1.16103
1.21468
1.33351
1.30657
1.25406
1.29722
1.33329
1.66306
1.43976
1.11527
1.28646
1.11207
1.11855
1.69169
1.36073
1.60906
1.44501
1.6389
1.6771
1.84706
1.81485
1.11666
1.29256
1.15625
1.24609
1.97238
1.20939
1.80554
1.5635
1.14123
1.19985
1.11552
1.59187
1.72465
1.31798
1.37838
1.16605
1.11673
1.61325
1.22417
1.30783
1.61759
1.25175
1.12504
1.24883
1.17841
1.15166
1.32869
2.04192
1.56935
1.19622
2.09068
1.16132
1.7561
1.27937
1.19375
1.65638
1.82347
2.98304
1.0915
1.16617
2.06723
1.18194
1.11627
1.35895
1.11846
1.0841
1.41109
1.13783
1.48683
1.27412
1.59951
1.41043
2.05656
1.19072
1.13148
1.57625
1.37955
1.71626
1.18238
1.38914
1.39221
1.14921
1.15371
1.33265
1.15849
1.20266
1.10652
1.15672
1.21518
1.29532
1.11807
1.56258
1.5577
1.52891
1.54513
1.19504
1.30291
1.11529
1.14913
1.10482
1.0793
1.29543
1.12648
1.10909
1.0886
1.37003
1.22106
1.17043
1.40553
1.35377
1.95926
1.24284
1.70905
2.2762
1.93598
1.73924
1.08362
1.28614
1.1141
1.30936
1.58764
1.38558
1.11082
1.11613
1.40776
1.23503
1.08722
1.49325
1.47037
1.1422
1.54883
1.68421
1.17566
1.63945
2.43913
1.36811
1.15319
1.12796
1.30964
1.58844
1.3349
1.09464
1.4274
1.7767
1.11849
1.36936
1.12689
1.75664
1.17265
1.10522
1.11642
1.11539
1.52174
1.43716
1.25625
1.16593
1.44719
1.15884
1.15074
2.07732
1.11409
2.19964
1.15046
2.39014
1.11549
1.1197
1.15578
1.23157
1.72449
1.2167
1.20462
1.58013
1.18328
1.41974
1.19306
2.4261
1.95425
1.59363
1.1264
1.15978
1.49466
1.39738
1.32639
1.60002
1.71692
1.32813
1.36178
1.129
1.15391
1.12108
1.47881
1.11577
1.13244
1.12934
1.30754
1.82403
1.12353
1.81126
1.08485
1.32536
1.29971
1.11559
1.70413
1.20844
2.0141
1.09869
1.11674
1.11582
1.21305
1.24129
1.7361
1.38289
1.31261
1.25327
1.1499
1.41299
1.22085
1.38502
1.40611
1.57472
1.12222
1.53915
1.15135
1.2571
1.77302
1.62979
1.63138
1.11785
1.11898
1.12031
1.64577
1.1792
1.11749
1.6332
1.68868
1.1337
1.82317
1.20181
1.11544
1.53389
1.68155
1.12418
1.24271
1.33978
1.26189
1.09541
1.29829
1.25786
1.95543
1.60245
1.31097
2.41242
1.39397
1.85999
1.22505
1.09869
1.11652
1.15175
1.59635
1.35404
1.29205
1.14082
1.14045
1.47608
1.28147
1.083
1.20257
1.14557
1.29759
1.16723
1.09308
1.17224
1.25897
1.5124
1.41845
1.19562
1.29701
1.10488
1.35668
1.13186
1.14589
1.54999
1.13489
1.39206
1.27607
1.50319
1.11815
1.13173
1.20094
1.45242
1.30509
1.48354
1.21656
1.24543
1.21803
1.12875
1.59916
1.40068
1.09831
1.11343
1.24109
1.38311
1.16416
1.19943
1.36973
1.58146
1.13326
1.16752
1.52768
1.23716
1.65789
1.37873
1.62414
1.10449
1.1166
1.11369
1.11553
1.25279
1.19593
1.25469
1.18765
1.22276
1.10682
1.09266
2.82786
1.21617
1.14143
1.51873
1.40947
1.5504
1.10431
1.11652
1.46885
1.11696
1.47621
1.37702
1.38114
1.50504
1.53577
1.11517
1.56559
1.33443
1.24202
1.26695
1.21039
1.29084
1.18037
1.26362
1.15367
1.22256
1.66067
1.40921
1.12988
1.83833
1.57441
1.15451
1.86932
1.43277
1.30819
1.86825
1.19352
1.14824
1.88094
1.4311
1.74202
1.84176
1.12612
1.1287
1.23642
1.17425
1.23282
1.21974
1.65545
1.57486
1.43169
1.1423
1.12221
1.14248
2.4357
1.1824
1.36314
1.11892
1.2236
1.36342
1.34089
1.65309
2.28881
1.50801
2.35299
2.16086
1.65378
1.13226
1.59926
1.66244
1.12205
1.81889
1.13338
1.86744
1.75483
1.34712
1.23868
1.84254
1.25729
1.56764
1.11572
1.17121
1.25461
1.15031
1.13973
1.71226
1.41073
1.11292
1.56973
1.26052
1.1785
1.18278
1.17277
1.45216
1.66889
1.40008
2.02053
1.99166
2.14732
1.19892
1.52444
1.24371
1.26697
1.10694
1.2158
1.30857
1.46332
1.33905
1.1371
1.16717
1.28672
1.15121
1.10959
1.43704
1.28146
1.22033
1.28333
1.39825
1.20729
1.80998
1.11737
1.13676
1.14546
1.22695
1.25602
1.18688
1.3086
1.16646
1.5012
1.1044
1.10775
1.40585
1.40767
1.31787
1.18171
1.24324
1.40986
1.09833
1.1943
1.25568
1.14152
1.11587
1.11052
1.11526
1.11658
1.20361
1.43697
1.11645
1.57127
1.60491
1.36692
2.00602
1.10604
1.33897
1.17626
1.12295
2.26482
1.35807
2.09466
1.1152
1.49444
1.14677
1.27657
1.12869
1.82616
1.54686
1.38304
1.10768
1.56904
2.41871
1.08687
1.11425
1.18827
1.10916
1.21805
1.11524
1.57586
1.196
1.19139
1.17923
1.27578
1.94363
1.21493
1.11347
1.19259
1.09951
1.19996
1.29291
1.55172
1.12386
1.88556
1.10332
1.26731
1.11776
1.583
1.32062
1.20353
1.18469
1.3822
1.14874
1.27667
2.41561
1.19112
1.11644
1.11981
1.2081
1.15772
1.11479
1.55411
1.11593
1.37844
1.11355
1.0988
1.46474
1.10448
1.28945
1.42182
1.73294
1.45266
1.10991
1.27596
1.3446
1.1709
1.70258
1.19639
1.67287
1.22501
1.7538
1.28336
1.34809
1.22932
1.98186
1.12132
1.1691
1.15349
1.19216
1.15455
1.12845
1.61018
1.66765
1.59505
1.112
1.33521
1.16503
1.44313
1.22971
2.02737
2.09467
1.61775
1.19877
1.08088
1.35315
1.1175
1.12936
1.40083
2.29183
1.45303
1.39974
1.1144
1.38972
1.43529
1.40567
1.65602
1.11441
1.98172
1.22194
1.42084
1.14924
1.36986
1.43238
1.1242
1.73425
1.85795
1.77459
1.78638
1.80618
1.14372
1.33402
1.11779
1.23595
1.10412
1.34093
1.38324
1.1944
1.11309
1.21834
1.2369
1.28151
1.46026
1.47014
1.11608
1.39029
1.3374
1.1151
1.24738
1.11506
1.41757
1.35056
1.23834
1.29617
1.39167
1.11708
1.1773
1.20826
1.93571
1.36384
1.20132
1.11209
1.13447
2.46474
1.18728
1.80891
1.14785
1.17743
1.09363
1.63777
1.13271
1.15798
1.12695
1.16385
1.16649
1.56573
1.22021
1.22946
1.11186
1.22682
1.15258
1.15663
1.07997
3.10263
1.15804
1.80798
2.03817
1.27412
1.54972
1.1315
1.28467
1.17303
1.48006
1.10396
1.10895
1.58566
1.23591
1.15921
1.42836
1.24073
1.25429
1.13468
1.34663
1.23956
1.29792
1.56181
1.11525
1.15157
1.09722
1.32656
1.13485
1.23326
1.97994
1.18087
1.23117
1.12786
1.12867
1.3523
1.18869
1.15055
1.11588
1.11449
1.10042
1.14405
1.17168
1.1157
1.37111
1.22313
1.14352
1.31023
1.08818
1.09824
1.12213
1.36372
1.15598
1.53912
1.83414
1.24352
1.16423
1.42169
1.27104
2.0151
1.20255
1.12317
1.24526
1.97361
1.15804
1.14048
2.32535
1.12468
1.50907
1.11464
1.2468
2.04297
2.07851
1.37869
1.93623
1.43301
1.31209
1.11559
1.73166
1.12097
1.36287
1.33244
1.19413
1.11466
1.33241
1.18829
1.15067
1.08733
1.6547
1.11683
1.87753
1.87408
1.40241
1.11689
1.1061
1.17442
1.24638
1.1158
1.68904
1.14421
1.14826
1.41364
1.15927
1.07992
1.84963
1.19169
1.22703
1.21064
1.12344
1.12288
1.45506
1.7448
1.35356
1.30932
1.44952
1.17712
1.26416
1.46495
1.60152
1.12892
1.11609
1.07911
1.40861
1.13601
1.19328
1.21392
1.09799
1.11319
1.59679
1.16726
1.20783
1.4557
1.6309
1.08147
1.16934
1.11546
1.22832
1.33885
1.14871
1.11704
1.2847
1.16561
1.64885
1.77906
1.37746
1.21609
1.15896
1.15844
1.51276
1.43748
1.17119
1.08654
1.12518
1.42853
1.11764
1.09426
1.2365
1.09652
1.77617
1.43326
1.29362
1.32996
1.16511
1.26075
1.29671
1.1955
1.1358
1.13031
1.22453
1.26301
1.37751
1.22755
1.37121
1.4692
1.55819
1.70876
1.4124
2.28156
1.82097
1.14556
1.21239
1.10117
1.28794
1.3772
1.25405
1.45472
1.11599
1.5941
1.38805
1.10486
1.59298
1.22955
1.35779
1.29418
1.3912
1.15235
2.41044
1.71302
1.4747
1.43494
1.5918
1.9327
1.4613
1.15554
1.09724
1.11628
1.11192
1.1106
1.11742
1.84487
1.66711
1.30061
1.36908
1.14215
1.14749
1.09472
1.50963
1.79432
1.4407
1.13801
2.34113
1.76145
1.64551
1.65821
1.66427
1.19368
1.64473
1.14265
1.45051
1.49268
1.11985
1.24578
1.39415
1.2148
1.39842
1.28664
1.99075
1.58215
1.18977
2.06623
1.15962
1.60254
1.1065
1.69646
1.30606
1.08798
1.1551
1.09826
1.10649
1.1859
1.86601
1.11644
1.89526
1.17772
1.49069
1.1559
2.06671
1.39569
1.37376
1.23307
1.43416
1.11622
1.11762
1.1145
1.2836
1.1213
1.10676
1.47387
1.11355
1.21246
1.25894
1.44085
1.53768
1.32397
1.48176
1.26144
1.48193
1.40474
1.18418
1.09113
1.11789
1.46406
1.22211
2.14758
1.55288
1.11774
1.14457
1.3441
1.18438
1.52693
1.28081
1.47314
1.28692
1.31897
1.13168
1.11869
1.17306
1.36055
1.36588
1.09399
1.68865
1.10455
1.09697
1.34522
1.12927
1.12321
1.28904
1.68608
1.75323
1.30869
1.11788
1.27198
1.19235
2.32212
1.1131
1.09422
1.11733
1.47891
1.30205
1.08544
1.3531
1.59334
1.61749
1.14457
1.50472
1.18527
1.47415
1.20438
1.71983
1.33791
1.16095
1.11876
1.11459
1.84672
1.35433
1.72423
1.87281
1.18665
1.23245
1.15985
1.83427
1.29176
1.38294
1.17503
1.17329
1.11562
1.18045
1.51762
1.26264
1.87732
1.20862
1.60922
1.11831
1.18621
1.4374
1.11494
1.248
1.11274
1.60965
1.24427
1.20012
1.26406
1.11181
1.11668
1.13632
1.66671
1.4819
1.0966
1.22835
1.31824
1.14746
1.97695
1.47467
1.32894
1.24612
1.45044
1.269
2.03493
1.24514
1.11433
1.14893
1.11062
1.88042
1.28205
1.55495
2.02213
1.50247
1.51849
1.11556
1.37219
2.06872
1.37517
1.40139
1.15695
1.16435
1.3613
1.25582
1.58646
1.6142
2.09186
1.62305
1.14765
1.27567
1.80395
1.9007
1.14308
1.48231
1.58503
1.23173
2.0237
1.09355
1.2158
1.34058
1.29761
1.36461
1.11836
1.25332
1.24989
1.81063
1.23564
1.13294
1.15802
1.24784
1.17919
1.43824
1.391
1.10612
1.55681
1.3795
1.49058
1.37245
1.11633
1.13817
1.14013
1.30307
1.17887
1.41616
1.33998
1.27699
1.42892
1.11661
1.21575
1.38378
1.11754
1.13284
1.17293
1.25404
1.12287
1.24316
1.1154
1.15374
1.47324
1.16764
1.39899
1.83554
1.16836
1.20127
1.30281
1.22908
1.29024
1.62241
1.75412
1.1164
1.18937
1.25323
1.75553
1.40489
1.30108
1.22997
1.14636
1.11211
1.41146
1.58674
1.18322
1.12137
1.72607
2.1123
1.34334
1.45169
1.31581
1.11411
1.445
1.17553
1.11352
1.11536
1.11115
1.20774
1.16332
1.15567
1.70179
1.15734
1.8021
1.44266
1.25048
1.24951
1.41625
1.68756
1.26902
1.4544
1.94708
1.88392
1.87273
1.89732
1.58956
1.26598
1.34357
1.11793
1.6043
1.11534
1.42652
1.15222
1.11456
1.24288
1.26912
1.17418
1.38873
1.11711
1.32483
1.75506
1.11524
1.11334
1.12059
1.2387
1.16361
1.62163
1.08494
1.10361
1.10112
1.2574
2.46831
1.12353
1.35464
1.75311
1.26112
1.10747
1.52124
1.43479
1.53577
2.12597
1.30905
1.6669
1.48144
3.02266
1.19847
1.69457
2.11897
1.46824
1.64399
1.19264
1.38201
1.29864
1.25483
1.18449
1.25614
1.32815
1.1448
1.61504
1.78506
1.73613
1.64337
1.13348
1.76375
1.48177
1.18718
1.36671
1.7851
1.28401
1.26539
1.53019
1.47528
1.31549
1.57274
1.40128
1.18355
1.17623
1.11532
1.12002
1.48195
1.22131
1.20295
1.26252
1.27308
1.11601
1.09512
1.56527
1.2957
1.32363
1.18877
1.10624
1.20161
1.61764
1.0866
1.16209
1.23762
1.55398
1.75924
1.14816
1.29196
1.2158
1.57737
1.45858
1.23518
1.19135
1.43169
1.93329
1.14434
1.16725
1.70487
1.1596
1.11755
1.13744
1.3166
1.21661
1.15961
1.39557
1.11568
1.2396
1.61667
1.24978
1.11697
1.13672
1.13614
1.12986
2.54271
1.45139
1.12722
1.35855
1.13142
1.35801
1.12902
1.13226
1.13207
1.18448
1.17086
1.18374
1.14648
1.15314
1.24035
1.16683
1.28125
1.12004
1.66602
1.12202
1.0813
1.11869
1.11732
1.40487
1.55341
1.37743
1.24876
1.39452
1.61942
1.30999
1.45121
1.6383
1.72922
1.60657
1.33977
1.67156
1.37796
1.89573
1.24365
1.78926
1.12938
1.11684
1.66217
1.57753
1.41917
1.24388
2.10135
1.69839
1.09029
1.0907
1.29955
1.09838
1.51755
1.11255
1.5206
1.09198
1.27208
1.53458
1.11412
1.37758
1.27546
1.14401
1.38809
1.1804
1.27233
1.21366
1.50708
1.3357
1.52063
2.12105
1.31979
1.13006
1.16168
1.70274
1.11916
1.57058
1.43022
1.11395
1.08077
1.25641
1.25022
1.52445
1.25254
1.25179
1.19813
1.61215
1.19453
1.29079
1.1761
1.43031
1.61651
1.51306
1.18997
1.85083
1.11704
1.65563
1.51443
1.25241
1.29504
1.14475
1.3429
1.49396
1.59819
1.65222
1.69216
1.48031
1.69874
1.20471
1.15991
1.11654
1.2613
1.11756
1.35205
1.19557
1.17874
1.5878
1.82971
1.31162
1.09997
1.50147
1.30059
1.9381
1.37969
1.49967
1.28961
1.23978
1.34349
1.72272
1.78094
1.21174
1.49017
1.9923
1.25694
1.1153
1.21564
1.19516
1.72083
1.4937
1.82696
1.09428
1.1158
1.09717
1.35087
1.85334
1.22049
1.20991
1.11642
1.33639
2.264
1.77992
1.6129
1.9369
1.52005
1.09371
1.158
1.25024
1.17263
1.11404
1.1381
1.22634
1.10751
2.63517
1.29205
2.0573
2.59413
1.25912
1.43083
2.28649
1.10692
1.16323
1.36885
1.39521
1.34343
1.44262
1.76112
1.11562
1.25258
1.56613
2.11429
1.15026
1.87751
1.12185
1.35099
1.12169
1.49302
1.67392
1.74317
1.14503
1.16804
1.11651
1.23142
1.15857
1.07834
1.38504
1.14146
1.44363
1.40728
1.10513
1.50421
1.31815
1.15106
1.58946
1.71763
1.21144
1.50963
1.11733
1.38505
1.23179
1.16082
1.28195
1.16195
1.455
1.196
1.15385
1.23605
1.27069
1.29317
1.18154
1.58049
1.79991
1.43507
1.32372
1.49671
1.29021
1.34877
1.37625
1.81329
1.47516
1.6353
1.32328
1.11184
1.08684
1.16904
1.0999
2.25356
1.11715
1.09788
1.37783
1.26952
1.23349
1.18117
1.27847
1.12064
1.80914
1.12337
1.14579
1.36843
1.21325
1.11598
1.19354
1.11638
1.25869
1.56796
1.45053
1.09213
1.11538
1.13024
1.09459
1.28375
1.1147
1.31974
1.10951
1.09793
1.1134
1.11244
1.59166
1.26004
1.50584
1.52573
1.81361
1.59437
1.12021
1.18751
1.45901
1.31811
1.65322
1.19677
1.10311
2.02055
1.54222
1.36747
2.04906
1.75872
1.20232
1.69188
1.33351
1.48359
1.17551
1.62192
1.23013
1.21085
1.30802
1.67069
1.77786
1.11636
1.11683
1.20735
1.10393
1.35
1.22764
1.30829
1.1173
1.34197
2.46091
1.13429
1.63175
1.26295
1.37926
1.25343
1.11454
1.86829
1.18109
1.59886
1.29907
1.24752
1.13813
1.1444
1.10639
1.79161
1.11724
1.19343
1.57363
1.08234
1.09542
1.36676
1.53775
1.16118
1.16077
1.17314
1.39534
1.22094
1.15146
1.0898
1.08589
1.11801
1.81886
1.33085
1.17102
2.31813
1.48645
2.34107
1.22689
1.82621
1.32745
1.39971
1.07928
1.1919
2.13388
1.17116
1.18617
1.09656
1.38026
1.19913
1.39968
1.2067
1.3415
1.49253
1.59271
1.50239
1.16524
1.10137
1.11949
1.34735
1.18362
1.11477
1.53528
1.10765
1.32115
1.09681
1.19288
1.10586
1.97739
1.44467
1.25096
1.12929
1.17492
1.12233
1.11659
1.33145
1.24663
1.44985
2.06874
1.66041
1.26316
1.48997
1.43151
1.16674
1.11273
1.24101
1.14351
1.55688
1.11635
1.16571
1.85953
1.16184
1.15321
1.63012
1.26041
1.22138
1.13716
1.39533
2.30126
1.17159
1.21602
1.2928
1.71444
1.97274
1.40464
1.17531
1.11539
1.74026
1.26425
1.1215
1.23499
1.2069
1.15578
1.76
1.10196
1.11306
1.26844
1.40464
1.22951
1.25964
1.16405
1.3784
1.1514
1.18014
1.2729
1.51345
1.42158
1.33452
1.33641
1.18477
1.2231
1.47003
1.15956
1.19053
1.12605
1.27211
1.15915
1.65042
1.19669
1.26546
1.11522
1.13096
1.16181
1.21819
1.20764
1.10478
1.13377
1.3598
1.53554
1.32787
2.18449
1.73778
1.13391
2.22547
1.79086
1.36103
1.32859
1.08105
1.08082
1.09015
1.11575
1.35577
1.12478
1.11467
1.60528
1.32588
1.11771
1.21713
1.4
1.30817
1.10829
1.32967
1.17236
1.34615
1.31414
1.41439
1.1391
1.23638
1.39922
2.33431
1.69966
1.11699
1.15393
1.35874
1.55795
1.53642
1.61316
1.14156
1.5021
1.83146
1.50837
1.09628
1.65321
1.50732
1.36021
2.30894
1.13969
1.42741
1.18503
2.14677
1.33796
1.60208
1.3048
1.1363
1.07963
1.12215
1.19398
1.31312
1.35487
1.1412
1.19309
1.10034
1.17294
1.11109
1.10554
1.65555
1.35809
1.33645
1.38505
1.13557
1.08786
1.3472
1.10816
1.14876
1.48259
1.49244
1.16079
1.83947
1.77425
1.66394
1.18726
1.17861
1.11942
1.37174
1.13888
1.28716
1.109
1.11628
1.08795
1.11693
1.18082
1.53415
1.26329
1.55637
1.14084
1.13673
1.17875
1.089
1.11706
1.09314
1.21133
1.58692
1.44957
1.82889
1.38984
1.65421
1.99632
1.28486
1.11524
1.10603
1.28381
1.45185
1.91264
1.66488
1.31266
1.17511
1.38825
1.09296
1.11664
1.5327
1.19889
1.08409
1.2921
1.34786
1.34344
1.26951
1.35869
1.5479
1.33058
1.29808
1.11753
1.28261
1.10333
1.26636
1.43258
1.58214
1.11589
1.09511
1.36541
1.45485
1.66713
1.3728
1.36572
1.25747
1.20481
1.63046
1.63029
1.64247
1.39715
1.80803
2.11186
1.35284
1.11459
1.31372
1.10556
1.36973
1.35718
1.28361
1.47918
1.17377
1.14591
1.2613
1.17519
1.12003
1.35444
1.27594
1.6929
1.13133
1.18964
1.22517
1.10669
1.12237
1.26367
1.16427
1.19937
1.19103
1.09315
1.15367
1.27668
1.13384
1.63954
1.66931
1.47785
1.1808
1.70898
1.0781
1.93223
1.21257
1.19815
1.12632
1.22229
1.16022
1.11495
1.57978
1.30944
1.3716
1.22815
1.11792
1.68469
1.2596
1.15044
1.44507
1.08198
1.22528
1.35827
1.43488
1.22269
1.68229
1.27736
1.85906
1.23406
1.84808
2.20519
1.11374
1.14678
1.45067
1.28471
1.41619
1.10477
1.13003
1.17526
1.45948
1.43418
1.25166
1.18588
1.92563
1.30101
1.23271
3.65679
1.91963
1.12952
1.11536
1.47723
1.1156
1.11573
1.1414
1.40731
1.93449
1.20231
1.28715
1.23642
1.18961
1.45568
1.20329
1.23742
2.03153
1.51085
1.38454
1.17517
1.26568
1.30221
1.16121
1.25537
1.75991
1.21683
1.11945
1.22876
1.08042
2.24025
1.11603
1.41996
1.34594
1.11588
1.63999
1.41116
1.23046
1.64978
1.33139
1.34528
1.45442
1.16387
1.83875
1.58731
1.2689
1.21107
1.27766
1.1528
1.12219
1.65223
1.13694
1.62426
1.37827
1.48799
1.1217
1.16217
1.10565
1.37597
1.38196
1.83098
1.94977
2.13214
1.98501
1.46048
1.27757
1.1491
1.11269
1.08846
1.11315
1.17162
1.18385
1.13132
1.11064
1.11784
1.55704
1.1405
1.29656
1.95818
1.18298
1.82605
1.79354
1.68565
1.11513
1.8512
1.61907
1.25423
1.15671
1.19578
1.11268
1.44656
1.09634
1.14939
1.48369
1.20957
1.17012
1.32004
1.22191
1.12963
1.15075
1.11027
1.14455
1.11655
2.46708
1.26499
1.18608
1.27567
1.95745
1.78099
1.53459
1.26396
1.26456
1.81028
1.50538
1.14074
1.82259
1.12956
2.17076
1.14751
1.1167
1.28258
1.11135
1.30529
1.12021
1.27563
1.72797
1.13566
1.12395
1.18177
1.50575
1.31734
1.09795
1.97716
1.15951
1.32311
1.17206
1.12097
1.14613
2.18365
1.41624
1.20188
1.18951
1.24448
1.08478
1.14264
1.25877
1.45286
1.73986
1.104
1.28283
1.51826
1.20727
1.1148
1.11469
1.59346
1.25719
1.7351
1.17381
1.19516
1.13827
1.68982
1.11657
1.18285
1.54187
1.12461
1.30137
1.43206
1.10282
1.6487
1.74187
1.11571
1.18339
1.41203
1.37001
1.33272
1.60525
1.09385
1.36442
1.59538
1.16148
1.11742
1.11285
1.11878
1.51169
1.58927
1.10422
1.20623
1.30593
1.45617
1.62018
1.11996
1.20269
1.22214
2.21397
1.88397
1.40307
1.28286
1.61098
1.89548
2.03873
1.64947
1.45267
1.2695
1.5981
1.7707
1.79167
1.71678
1.80978
1.22914
1.0889
1.19082
1.3506
1.11725
1.20555
1.12408
1.31108
1.16194
1.2993
1.63085
1.36966
1.19977
1.65345
1.19724
1.35812
1.26678
1.10503
1.21128
1.24385
1.34926
1.15765
1.13355
1.11641
1.1333
1.50973
1.51885
1.23601
1.41006
1.48869
1.23665
1.25564
1.18296
1.33942
1.80825
2.05373
1.12232
1.34151
1.0983
1.27901
1.15015
1.17063
1.28747
1.25335
1.16979
1.43026
1.14345
1.92943
1.12102
1.11629
1.09623
1.22569
1.46753
1.80063
1.19626
1.1001
1.18873
1.0926
1.76232
1.20086
1.33588
1.65203
1.14256
1.5496
1.19608
1.09756
1.34999
1.57604
1.63624
1.2608
1.70231
1.65815
1.21598
1.29725
1.21934
1.11766
1.17897
1.14239
1.08927
1.52289
1.38047
1.85756
1.43975
1.5287
2.2994
2.10556
2.2104
1.33223
1.10007
1.45046
1.32155
1.23024
1.40615
1.17982
1.11571
1.10478
1.25186
1.20689
1.09824
1.17635
1.11442
1.11524
1.52257
1.77127
2.14744
1.67467
1.14063
1.17819
1.48595
1.11585
1.23763
1.1558
1.91906
1.74621
2.03163
1.39157
1.49325
1.31521
1.12232
1.34151
1.0983
1.27901
1.15015
1.17063
1.28747
1.25335
1.16979
1.43026
1.14345
1.92943
1.12102
1.11629
1.09623
1.22569
1.46753
1.80063
1.19626
1.1001
1.18873
1.0926
1.76232
1.20086
1.33588
1.65203
1.14256
1.5496
1.19608
1.09756
1.34999
1.57604
1.63624
1.2608
1.70231
1.65815
1.21598
1.29725
1.21934
1.11766
1.17897
1.14239
1.08927
1.52289
1.38047
1.85756
1.43975
1.5287
2.2994
2.10556
2.2104
1.33223
1.10007
1.45046
1.32155
1.23024
1.40615
1.17982
1.11571
1.10478
1.25186
1.20689
1.09824
1.17635
1.11442
1.11524
1.52257
1.77127
2.14744
1.67467
1.14063
1.17819
1.48595
1.11585
1.23763
1.1558
1.91906
1.74621
2.03163
1.39157
1.49325
1.31521
1.11654
1.30302
1.20663
1.19797
1.0873
1.17976
1.83071
1.1898
1.19095
1.39229
1.21142
1.62639
1.23138
1.11878
1.11666
1.11576
1.70001
1.71221
1.14762
1.36357
1.11426
1.10307
1.16097
1.21555
1.11551
1.81482
1.47815
1.12961
1.1052
1.27354
1.22531
1.35717
1.61347
1.8059
1.13138
1.26126
1.73432
2.05926
1.58305
1.33114
1.86299
2.35263
1.1143
1.84894
1.11593
1.19232
1.20857
2.04644
1.14129
1.15055
1.29754
1.23212
1.157
1.10087
1.31241
1.50722
1.34278
1.3839
1.96555
1.31183
1.70301
1.39896
1.24963
1.75185
2.01151
1.76217
1.81863
1.14114
1.36933
1.47288
1.15039
1.12583
1.25374
1.55283
1.19538
1.28152
1.44843
1.29931
1.5704
1.29322
1.29937
1.32723
1.54751
1.31351
1.11824
1.08226
1.62181
2.02839
1.57254
1.81428
2.31282
1.65014
1.16934
1.11569
1.3501
1.16332
1.09848
1.21241
1.13646
1.11958
1.13917
1.27092
1.18252
1.11509
1.51543
1.19382
1.13982
1.45894
1.62176
1.97225
1.67494
1.11396
1.40497
1.13073
1.11418
1.58259
1.34782
1.15433
1.43074
1.44282
1.48291
2.03958
1.5047
1.11434
1.11987
1.08645
1.10865
1.22159
1.28361
1.36706
1.13162
1.23002
1.21788
1.20948
1.55978
1.22021
1.26882
1.31484
1.16889
1.11694
1.2388
1.69619
1.27118
1.69035
1.35047
2.25844
1.76044
1.69003
1.56061
1.8807
1.21883
1.11112
1.25598
1.26002
1.11934
1.15153
1.11662
1.11749
1.1185
1.39158
1.30014
1.40689
1.1916
1.11312
1.08511
1.33508
1.2204
1.27583
1.67509
1.36002
1.30903
1.3216
1.8413
2.04788
1.31933
1.2098
1.41244
1.73658
1.19911
1.74976
1.28682
1.17757
1.17224
1.79742
2.08383
1.76074
2.04149
1.22017
2.64887
1.11663
1.23882
1.11666
1.22558
1.08489
1.35963
1.71612
1.09606
1.23461
1.74878
1.33718
1.31407
1.77683
1.39692
1.3084
1.16686
1.7361
1.14609
1.33449
1.16186
1.11549
1.13877
1.27606
1.72129
1.78142
1.3496
1.09092
1.61131
1.42474
1.48783
1.20341
1.09771
2.18011
1.11799
1.11751
1.10668
1.11019
1.47651
1.64455
1.41099
1.46355
1.35912
1.25183
1.19063
1.30577
1.34923
1.43359
1.30308
1.08788
1.15873
1.12934
1.12108
1.22295
1.65663
1.21729
1.26675
1.12353
2.20118
2.22576
1.40421
1.15558
1.36101
1.27544
2.21639
1.1402
1.49988
1.86168
1.62158
1.26398
1.08891
1.12086
1.71196
1.61823
1.16133
1.28125
1.62861
1.12885
1.57679
1.22437
1.11639
1.13583
1.14044
1.13013
1.45443
1.11444
1.10338
1.22626
1.3045
1.54337
1.15365
1.60608
1.53741
1.11613
1.11462
1.31251
1.21974
1.27698
1.11482
1.26057
1.11491
1.4337
1.18237
1.24977
1.26121
1.54759
1.39362
1.16538
1.49066
1.16107
1.17636
1.17881
1.44024
1.23924
1.1149
1.08163
2.10346
1.327
1.12166
1.25101
1.77022
1.10859
1.2097
1.12767
1.25847
1.17985
1.37991
1.11444
1.90478
1.22129
2.01474
1.42845
1.17238
1.56203
1.29129
1.60449
1.53494
1.91287
2.13201
2.08271
2.25209
1.86561
2.18605
2.18503
2.23296
1.20283
1.10197
1.1157
1.34804
1.42551
1.34916
1.10523
1.44528
1.19483
1.10497
1.48196
1.61556
1.5436
1.19765
1.08757
1.11626
1.88853
1.37963
1.11515
1.1291
1.17697
1.20826
1.28111
1.32417
2.00714
2.18761
1.73088
2.231
2.3484
1.35516
1.20008
1.13364
1.10724
1.65651
1.37331
1.12963
1.35835
1.6471
1.2997
1.22439
1.1572
1.11404
1.18453
1.1149
1.58236
1.15928
1.10246
2.20637
1.09555
1.40453
1.6102
2.15688
1.88047
1.11409
1.1649
1.20204
1.15697
1.09888
1.29376
1.23269
1.15846
1.22762
1.10331
1.54868
1.41748
1.31041
1.46062
1.45329
1.1557
1.37851
1.44103
1.14079
1.271
1.66693
1.1204
1.6478
1.7324
1.13018
1.35777
1.11448
1.15399
1.29884
1.09414
1.09104
1.11273
1.54177
1.3792
1.40391
1.40614
1.66196
1.68826
1.84995
1.26279
2.06358
1.89967
1.30729
2.25515
1.91011
1.30751
1.16525
1.84368
1.5539
1.46612
1.08164
1.18868
2.1856
1.18128
1.13643
2.80301
1.34211
1.33063
1.12518
1.16245
1.12339
1.52185
2.09904
1.40346
1.15022
1.12572
2.18318
1.38414
1.29556
2.85584
1.33075
1.11625
1.11661
1.12716
1.32445
1.62398
1.15149
1.65044
1.66689
1.14316
1.357
1.08185
1.08582
1.36438
1.11389
1.27522
1.38291
1.15635
1.22797
1.30781
1.32055
1.37636
1.31166
1.1388
1.15241
1.11431
1.3309
1.31301
1.78424
1.18054
1.13292
1.43736
1.70393
2.42047
1.17537
1.443
1.22914
1.35919
1.10077
1.21782
1.26624
1.08464
1.08378
1.21534
1.50438
1.19795
1.16498
1.11561
1.18941
1.36289
1.46708
1.17088
1.83678
1.73039
1.95907
1.75245
1.64424
1.09942
1.10444
1.11132
1.21923
1.13786
1.48127
1.35847
1.09575
1.31326
2.14173
1.11195
1.26002
1.27267
1.38446
1.10834
1.73526
1.3657
1.65462
1.27887
1.13784
1.33439
1.3153
2.18609
1.93341
1.23059
1.42176
1.31772
1.50111
1.31757
1.1166
1.15211
1.1162
1.15911
1.13649
1.51039
1.13638
1.54238
1.80669
1.89929
1.09368
1.11294
1.21769
1.42038
1.95156
1.14246
2.61701
1.23537
2.47223
1.2955
1.11631
1.19261
1.19071
1.22441
1.12604
1.10736
1.09944
1.20654
1.44522
1.17384
1.87716
2.06372
1.5011
1.52391
2.25485
1.09725
1.59023
1.295
1.11628
1.61462
1.20274
1.14941
1.11282
1.09847
1.28409
1.11219
1.13669
1.15121
1.13811
1.40985
1.53766
1.31475
1.11638
1.14173
1.22007
1.08965
1.25752
1.17085
1.82675
1.2609
1.35054
1.38009
1.34524
1.1596
1.27465
1.5253
2.22921
1.11534
1.1283
1.20647
1.11576
1.32069
1.11513
1.3213
1.17045
1.21762
1.45257
1.62064
1.22565
1.52147
1.27593
1.20622
2.10635
1.33745
1.5417
1.12281
1.75263
1.44081
2.95001
1.45139
1.09552
1.22345
2.04841
1.84999
1.32069
2.1023
2.12056
2.07383
1.21341
1.12823
1.27349
1.37064
1.39752
1.1148
1.0963
1.41691
1.14025
1.1833
1.10051
1.14412
1.75093
1.20267
1.08517
1.66375
1.50038
1.43458
1.51388
1.28802
1.15268
1.39159
1.39477
1.16883
1.35109
1.40832
1.38676
1.10987
1.24091
1.23377
1.15044
1.16551
1.25531
1.25525
1.15025
1.20154
1.62487
1.38694
1.1752
1.36232
1.35509
1.16991
1.55149
1.15747
1.11421
1.36916
1.09575
2.0002
1.32993
1.32614
1.25791
1.35274
1.39043
1.08009
1.29153
1.10377
1.26599
1.38442
1.15378
1.28566
1.23772
1.1045
1.21189
1.32095
1.08767
1.33727
2.22835
1.20506
1.10177
1.28537
1.35459
1.51845
1.6139
1.70092
1.55968
1.16836
1.16209
1.08339
1.21102
1.19848
1.20412
1.74184
1.94726
1.27347
1.22291
1.3799
1.49996
1.11728
1.26348
1.77198
1.30641
1.4472
1.24389
1.11358
1.27049
1.11076
1.1115
1.13202
1.27747
1.19098
1.44757
1.52572
1.70323
1.54311
1.42068
1.42379
1.18456
1.55465
1.55498
1.08613
1.31299
1.28819
1.11932
1.11572
1.11459
1.27713
1.47029
1.24573
1.28658
1.15293
1.18689
1.19685
1.52248
1.71655
1.59029
1.84417
1.77184
1.36686
1.25337
1.28312
1.33218
1.39241
1.38554
1.12967
1.81743
1.93691
1.88265
1.23807
1.31578
1.28569
1.7101
1.40892
1.11655
1.22712
1.118
1.12545
1.15976
1.22539
1.21681
1.31456
1.38914
1.14199
1.12073
1.21142
1.18745
1.16521
1.17299
1.33035
1.11547
1.21204
1.1182
1.13523
2.31846
1.18063
1.1457
1.20974
1.47827
1.17203
1.18756
1.6205
1.33847
1.15105
1.23049
1.39849
1.32516
1.81547
1.62469
1.41811
1.3622
1.42268
1.1417
1.20647
1.63573
1.13848
2.20619
1.15203
1.45874
1.42126
1.4943
1.21078
1.53735
1.22112
3.49867
1.32927
1.27431
2.32514
1.25857
1.36411
1.11513
1.10928
1.12416
2.12802
1.16995
1.11507
1.13399
1.3624
1.76258
1.16267
1.17205
1.08604
1.14908
1.1772
1.26126
1.51186
2.1814
2.43222
1.29473
1.2138
2.35015
1.43891
1.22499
1.30536
1.11645
1.22765
1.11628
1.28078
1.24842
1.31231
1.47428
1.54441
1.1239
1.21316
1.23465
1.31289
1.2498
1.14265
1.18109
1.47898
1.66583
1.14953
1.12777
1.12179
1.49138
1.25469
1.08029
1.13116
1.1426
1.7772
1.35484
1.11374
1.19887
1.63984
1.19076
1.3463
1.15471
1.19749
1.29787
1.31932
1.85402
1.1881
1.29933
1.17549
1.14952
1.39982
1.76101
1.31352
1.30481
1.33786
1.36702
1.71249
1.29885
1.57651
1.10467
1.13049
1.25117
1.13443
1.69776
1.10676
1.11662
1.13176
1.32981
1.19068
1.18803
1.11648
1.15974
1.17818
1.62393
1.17389
1.24565
1.20064
1.24226
1.40789
2.09882
1.84232
1.47909
1.50647
1.43444
1.43236
2.18728
1.16057
1.24317
1.26475
1.11719
1.08317
1.26861
1.21127
1.11746
1.28233
1.11296
1.80904
1.39659
1.46866
1.33605
1.14313
1.68856
1.38431
1.27473
1.71299
1.93761
1.95787
1.10197
2.20399
1.0894
1.41894
1.1918
1.28496
1.42472
1.20386
1.33689
1.40412
1.3739
1.10551
1.37117
1.32081
1.53511
1.78307
1.16833
1.12474
1.11676
1.21409
1.29693
1.12196
1.60457
1.17211
1.81033
1.1428
1.11433
1.08288
1.63346
1.34753
1.10713
1.11461
1.76799
1.18816
1.59717
1.72692
1.91591
1.90327
2.0898
1.89631
1.56473
1.30374
1.27143
1.15869
1.13493
1.53559
1.45126
1.62397
1.52328
1.11556
1.10655
1.30424
1.32438
1.4882
1.21896
1.36843
1.43308
1.30647
1.26798
2.11
1.38311
2.15404
1.4375
1.5936
1.88103
1.25782
1.16389
1.48242
1.44357
1.37215
1.30092
1.13451
1.40847
1.21596
1.12571
1.16257
1.15342
1.2565
1.19522
1.16506
1.29097
1.32996
1.59351
2.26492
1.15839
1.16886
2.30676
1.69113
1.34796
1.24033
1.73851
1.37304
1.42622
1.81802
1.25665
1.38839
1.24672
1.3475
1.31604
1.50189
1.74038
1.638
1.35757
1.52021
1.32257
1.90929
1.66493
1.92064
1.47477
1.11857
1.40195
1.11616
1.25441
1.14738
1.34853
1.08777
1.26351
1.41747
3.25949
1.17706
1.28644
1.49873
1.45508
1.39554
2.95519
2.80906
1.94853
1.20275
1.12785
1.11174
1.69171
1.70529
1.08707
1.41389
1.26316
1.16646
1.6806
1.52027
1.24825
1.20993
1.09245
1.11256
1.49599
1.14489
1.23629
1.45543
1.90105
1.16446
1.40836
1.83274
1.20514
1.45801
1.11648
1.16321
1.3204
1.11522
1.13405
1.25443
1.18192
1.12755
1.42994
1.11755
2.23958
1.10868
1.16401
1.18158
1.16201
1.5045
1.19459
1.08248
1.15544
1.14711
1.1197
1.1159
1.22663
1.09994
1.33603
1.72205
1.18429
1.12957
1.11588
1.11628
1.17542
1.09428
1.11724
1.1167
1.81433
1.37687
1.11656
1.1127
1.21134
1.24189
1.4748
1.1487
1.15246
1.09038
1.26496
1.59372
1.0786
1.12899
1.17496
1.34673
1.12012
1.33857
1.4508
1.32215
1.52147
1.43611
1.34804
1.30675
1.64108
1.10076
1.34215
1.13347
1.11299
1.11552
1.7523
1.82981
1.1749
2.04256
1.12701
1.19753
1.77395
1.35262
1.11624
1.92348
1.28922
1.20499
1.31602
1.98715
1.11349
1.36625
1.33618
1.29978
1.12765
1.31778
1.39541
1.11785
1.11426
1.08632
1.24934
1.1181
1.44415
1.2695
1.20982
1.45347
1.14713
1.39842
1.21373
1.17825
1.75656
1.38371
1.28008
1.9826
1.20615
1.44924
1.47998
1.1156
1.37065
1.29924
1.29153
1.61141
1.34047
1.18838
1.25924
1.39279
1.3462
1.14693
1.83351
1.67681
1.38862
1.21737
1.47834
1.9074
1.18416
1.22441
1.15138
1.43807
1.14369
1.11598
1.6539
1.0801
1.83914
1.25027
1.11741
1.10898
1.34835
1.12117
1.12345
1.39546
1.11442
1.31967
1.71688
1.14368
1.60948
1.1315
1.51595
1.15223
1.11283
1.54177
1.35518
1.8811
1.11813
1.57076
1.12251
1.0919
1.30704
1.53667
1.12393
1.83799
1.13474
1.15749
1.11757
1.10819
1.28294
1.67712
1.15933
1.24165
1.38031
1.16727
1.39912
1.12402
1.25368
2.16042
1.16813
1.34678
1.35324
1.22225
2.13982
1.38928
1.19321
1.20165
1.28807
1.25665
1.11569
1.11592
1.17444
1.1105
1.31001
1.69366
1.16197
1.58191
1.21638
1.34149
1.7126
1.33245
1.72798
1.27997
1.61925
1.13833
1.17289
1.46352
1.33294
1.18813
1.11706
1.16645
1.1162
1.11376
1.24837
1.13196
1.11696
1.16251
1.20184
1.27958
1.16255
1.71492
1.40533
1.29483
1.10993
1.36994
1.40635
1.4375
1.5936
1.88103
1.25782
1.16389
1.48242
1.44357
1.37215
1.30092
1.13451
1.40847
1.21596
1.12571
1.16257
1.15342
1.2565
1.19522
1.16506
1.29097
1.32996
1.59351
2.26492
1.15839
1.16886
2.30676
1.69113
1.34796
1.24033
1.73851
1.37304
1.42622
1.81802
1.25665
1.38839
1.24672
1.3475
1.31604
1.50189
1.74038
1.638
1.35757
1.52021
1.32257
1.90929
1.66493
1.92064
1.47477
1.11857
1.40195
1.11616
1.25441
1.14738
1.34853
1.08777
1.26351
1.41747
3.25949
1.17706
1.28644
1.49873
1.45508
1.39554
2.95519
2.80906
1.94853
1.20275
1.12785
1.11174
1.69171
1.70529
1.08707
1.41389
1.26316
1.16646
1.6806
1.52027
1.24825
1.20993
1.09245
1.11256
1.49599
1.14489
1.23629
1.45543
1.90105
1.16446
1.40836
1.83274
1.20514
1.45801
1.81033
1.1428
1.11433
1.08288
1.63346
1.34753
1.10713
1.11461
1.76799
1.18816
1.59717
1.72692
1.91591
1.90327
2.0898
1.89631
1.56473
1.30374
1.27143
1.15869
1.13493
1.53559
1.45126
1.62397
1.52328
1.11556
1.10655
1.30424
1.32438
1.4882
1.21896
1.36843
1.43308
1.30647
1.26798
2.11
1.38311
2.15404
1.14244
1.11425
1.33923
1.28474
1.31281
1.59881
1.13964
1.37991
1.66938
1.17595
1.18165
1.38633
1.37808
1.7582
1.11514
1.17582
1.45678
1.145
1.12004
1.18723
1.08009
1.12131
1.1415
1.13071
1.11298
1.29459
1.10622
1.61638
1.31767
1.32135
1.26838
1.38612
1.51845
1.11616
1.23927
1.21574
1.09244
1.16864
1.26046
1.10337
1.08492
1.63219
1.18356
1.10989
1.22148
1.08575
1.95791
1.42979
1.16625
2.00378
1.37526
1.3115
1.12995
1.11742
1.11285
1.11878
1.51169
1.58927
1.10422
1.20623
1.30593
1.45617
1.62018
1.11996
1.20269
1.22214
2.21397
1.88397
1.40307
1.28286
1.61098
1.89548
2.03873
1.64947
1.45267
1.2695
1.5981
1.7707
1.79167
1.71678
1.80978
1.22914
1.0889
1.19082
1.3506
1.11725
1.20555
1.12408
1.31108
1.16194
1.2993
1.63085
1.36966
1.19977
1.65345
1.19724
1.35812
1.26678
1.10503
1.21128
1.24385
1.34926
1.15765
1.13355
1.11641
1.1333
1.50973
1.51885
1.23601
1.41006
1.48869
1.23665
1.25564
1.18296
1.33942
1.80825
2.05373
1.40921
1.48993
1.39899
1.60169
1.53025
1.34501
1.09458
1.37939
1.59417
1.77258
1.70595
1.35198
1.20472
1.21879
1.89905
1.12027
1.52891
2.05065
1.11618
1.35329
1.87736
1.7004
1.11644
1.50981
1.1144
1.3683
1.89429
2.21623
1.11871
1.10765
1.22178
1.4347
1.22573
1.15898
1.08433
1.22973
1.28587
1.23662
1.3811
1.80216
1.2192
1.11487
1.37802
1.22221
1.13364
1.10429
1.12689
1.15503
1.62212
1.13996
1.17606
1.16397
1.08968
1.81296
1.11102
1.33436
1.16336
1.15346
1.48388
1.36721
1.20135
1.12538
1.18978
1.75203
1.07977
1.24747
1.37126
1.32261
1.26888
1.1046
1.65075
1.48689
1.1163
1.26732
1.11248
1.12048
1.68757
1.52848
1.32425
1.55094
1.52996
1.28721
1.21039
1.40611
1.19352
1.26215
1.15124
1.73627
1.45705
1.56002
1.38343
1.33107
1.11145
1.81287
1.143
1.45338
1.08459
1.9174
1.19717
1.11675
1.11358
1.78404
2.22227
1.11328
1.24742
1.12194
1.1288
1.11695
1.16772
1.11608
1.16109
1.21534
1.28846
1.85661
1.76828
1.4431
1.33561
1.23917
1.67127
1.13602
1.2016
1.14571
1.26331
1.67889
1.17614
1.33905
1.28156
1.33968
1.19486
1.2829
1.37357
1.33012
1.4976
1.40489
1.24642
1.27287
1.15991
1.40477
1.20953
1.40288
1.38431
1.11628
1.49317
1.646
1.56215
1.51438
1.38608
1.16019
1.33353
1.15628
1.43602
1.11428
1.22319
1.43267
1.12119
1.21569
1.4677
1.44671
1.20877
1.15256
1.20518
1.519
1.51847
1.33673
1.63098
2.11085
2.76396
1.348
2.42139
1.64538
1.46194
1.85793
1.75769
1.55285
1.2188
1.12634
1.21259
1.59965
1.14807
1.17319
2.2772
1.30863
2.72628
2.70556
1.25593
1.59133
1.33641
1.14963
2.4675
1.84507
1.4906
1.08392
1.41149
1.18883
1.27603
1.0863
1.11253
1.11615
1.08142
1.11658
1.49021
1.19644
1.67072
1.58188
1.43341
1.62843
1.32643
1.15387
1.74271
1.22231
2.04634
1.32256
1.49033
1.1682
1.42601
1.69599
1.50303
1.10098
1.11316
1.42815
1.72965
1.38543
1.08069
1.15166
1.08918
1.36552
1.78337
1.21651
1.30267
1.27478
1.87428
1.88828
1.49548
1.13002
1.23005
1.12856
1.08355
1.22271
1.20181
1.11124
1.4446
1.31141
1.24987
1.30044
1.74604
1.70318
1.11464
1.39231
1.14828
1.6445
1.11167
1.33435
1.30576
1.21846
1.1256
1.09978
1.75574
1.22946
1.30975
1.29996
1.26118
1.25206
1.11729
1.33118
1.62248
1.29327
1.29134
1.40698
1.12502
1.11394
1.14185
1.33946
1.36046
1.10243
1.96903
1.15733
1.11211
1.28283
1.23632
1.27007
1.13289
1.17756
1.09083
1.12153
1.09511
1.42113
1.14341
1.1174
1.18735
1.53589
1.15615
1.886
1.11579
1.30095
1.32653
1.20487
1.24915
1.82072
1.28767
1.44535
1.11412
1.29387
1.17165
1.68683
1.22247
1.29757
1.39523
1.2234
1.55217
1.40629
1.85346
1.71528
1.71391
1.54784
1.81203
1.91847
1.75561
1.1728
1.2646
1.14553
1.1639
1.4002
1.15849
1.70826
1.24099
1.27687
1.45022
1.26799
1.17919
1.80894
1.31918
1.11968
1.17789
1.12472
1.22223
1.18382
1.20941
1.23912
1.33399
1.11581
1.18097
1.26054
1.175
1.738
1.6343
1.6966
1.52532
1.8609
1.4124
1.44579
1.26311
1.43646
1.29652
2.22803
1.56149
1.47239
1.66511
1.11545
1.2107
1.17649
1.17581
1.39077
1.25353
1.08605
1.24014
1.2456
1.26237
1.16294
1.16477
1.53864
1.16858
1.81874
1.13721
1.15443
1.43356
1.45479
1.87934
1.29904
1.42857
1.14384
1.14629
1.32914
1.34233
1.12869
1.15423
1.17309
1.07844
1.25272
1.70109
1.53622
1.24447
1.11353
1.41899
1.2269
1.12214
1.46506
1.32868
1.16256
1.33326
1.65956
2.19789
1.23277
2.09672
1.35233
1.30074
1.19881
1.10912
1.51718
1.8724
1.87612
1.18704
1.61428
1.12869
1.15471
1.2108
1.10045
1.84485
1.22805
1.59837
1.21901
1.60159
1.59235
2.13122
1.9187
1.71912
1.59897
1.29573
2.00731
1.35719
1.83409
1.11488
1.27802
1.41677
1.10958
1.13014
1.22386
1.44036
1.11655
1.42388
1.67314
1.59762
1.61546
1.2648
1.95453
1.14852
1.13176
1.16588
1.19174
1.64415
1.22558
1.08882
1.10059
1.11771
1.17358
1.49117
1.30959
1.10182
1.08169
1.3937
1.26775
1.08647
1.0801
1.5636
1.21926
1.8059
1.64604
1.62895
1.37012
1.95657
1.11077
1.11596
1.21277
1.83975
1.80026
1.76869
1.34547
1.52372
1.37284
1.17609
1.09448
1.08193
1.18774
1.07963
1.24946
1.90393
1.19681
1.22201
1.31815
1.71851
1.95328
1.29773
1.16113
1.34196
1.23587
2.03094
1.40168
1.34799
1.41889
1.56821
1.09116
1.21379
1.21553
1.12422
1.37489
1.96861
1.43359
1.23069
1.31569
1.66664
1.18382
1.24806
1.11595
1.40389
2.032
2.53288
1.55912
1.24892
1.159
1.11689
1.11677
1.26922
1.11569
1.16084
1.23044
1.44739
1.4161
1.10544
1.28406
1.14358
1.24959
1.11313
1.11821
1.08047
1.13883
1.33892
1.14103
1.32481
1.18694
1.93222
1.26183
1.5244
1.12235
1.17381
1.17404
1.27379
1.16889
1.21732
1.35716
1.1192
1.1073
1.24245
1.62375
1.41281
1.25405
1.74317
1.46369
1.15125
1.37173
1.13372
1.18545
1.12608
1.29308
1.28825
1.57379
1.3058
1.19321
1.21188
1.4023
1.13841
1.44972
1.11674
1.13257
1.25492
1.22337
1.1573
1.29846
1.09313
1.18871
1.109
1.43133
1.96003
1.16132
1.15863
1.25088
1.18102
1.136
1.37599
1.29525
1.30176
1.31558
1.20416
1.19873
1.08937
1.15316
1.13116
1.11601
1.25628
1.12723
1.14845
1.18471
1.3096
1.18367
1.56368
1.46269
1.22296
1.25386
1.90175
2.08792
2.09849
1.98508
2.19711
1.89279
1.13237
1.15459
1.11826
1.16835
1.1179
1.13001
1.37908
1.79097
1.28042
1.11579
1.23738
1.44454
1.11963
1.1342
1.118
1.58217
1.4324
2.07229
1.83929
1.85027
1.20676
1.36046
1.2688
1.48311
1.68447
1.19734
1.53822
1.89954
1.53807
1.39488
1.82619
1.52456
1.80533
1.33004
1.34484
1.11569
2.29363
1.62495
2.58063
1.13476
1.07884
1.09147
1.11805
1.39262
1.15998
1.4919
1.22923
1.25661
1.48177
1.37673
1.373
1.16555
1.1879
1.49527
1.35194
1.27544
1.27864
1.13859
1.24462
1.28938
1.09257
1.5761
1.2978
1.76077
1.30237
1.09999
1.12296
1.1459
1.11318
2.06289
1.78974
1.23441
1.21799
2.09115
1.56735
1.12616
1.2046
1.28363
1.12843
1.2183
1.43004
1.11219
1.4682
1.34219
1.11793
1.12082
1.48965
1.3092
1.57288
1.12324
1.14432
1.08688
1.23788
1.14655
1.12292
1.48032
1.89191
1.10515
1.52988
1.16841
1.38357
1.15215
1.11437
1.26204
1.22836
1.11666
1.09394
1.50203
1.39952
1.3164
1.308
1.20858
2.48676
1.52479
2.55622
1.25215
1.49285
1.34069
1.26729
1.20268
1.15727
1.26383
1.15826
1.18429
1.31043
1.07951
1.11515
1.298
1.37684
1.11644
1.65949
1.14279
1.65599
1.28482
1.75699
1.50186
1.85002
1.20221
1.3513
1.3339
1.19818
1.36909
1.11659
1.18862
1.10307
1.25051
1.11699
1.40252
1.32344
1.71821
1.43642
1.12182
1.10953
1.15033
1.66743
1.71058
1.11832
1.4298
1.25755
1.18294
1.11029
1.75013
1.11185
1.13377
1.61555
1.13252
1.11113
1.19969
1.46948
1.13237
1.17684
1.26624
1.15171
1.36398
1.77345
1.8329
1.09877
1.53896
1.38339
1.47943
1.66686
1.13075
1.19509
1.13251
1.22429
1.13084
1.37071
1.11713
1.84995
1.65421
1.48345
1.24442
1.45566
1.12493
1.11606
1.20156
1.33165
1.19417
1.39453
1.1597
1.11767
1.43692
1.57497
2.21188
1.11862
1.64108
1.16325
1.15518
1.09994
1.33433
1.14712
1.19461
2.0298
1.18888
1.22179
1.28491
1.2044
1.17541
1.90391
1.59107
1.38003
1.50314
1.09131
1.4206
1.22413
1.23316
1.5302
1.15322
1.15995
1.08976
1.37774
1.14214
1.31008
1.16787
1.19864
1.0804
1.09765
1.18323
1.29686
1.15913
1.53345
1.19023
1.14201
1.69533
1.71329
1.43369
1.72108
1.22556
1.28714
1.17493
1.6815
1.1149
1.11927
1.2934
1.27717
1.11002
1.42303
1.31028
1.26637
1.61833
1.16221
1.27651
1.11757
1.13171
1.29573
1.18553
1.52798
1.16009
1.3908
1.33309
1.55076
1.79373
1.11607
1.08375
1.32892
1.08562
1.23501
1.10118
1.12372
1.09261
1.42986
1.47331
1.23797
1.27213
1.23467
1.10901
1.94882
1.12955
1.45809
1.10506
1.52826
1.2484
1.11242
1.12543
1.54498
1.46109
1.12065
1.19323
1.14878
1.10857
1.62277
1.1688
1.2416
1.38635
1.33454
2.17874
1.28655
1.13922
1.30568
1.10206
1.78607
1.8182
1.65292
1.11537
1.18047
1.92882
1.71938
1.23303
1.18966
1.28854
1.1321
1.23945
1.25087
1.14123
1.51297
1.30073
1.31655
1.23564
1.1232
1.1599
1.13733
1.16614
1.11424
1.28378
1.21101
1.31196
1.10788
2.08526
1.1132
1.09554
1.62382
1.10823
1.24147
1.08948
1.28016
1.15098
1.10356
1.29066
1.11016
1.39049
1.31706
1.29949
1.3462
1.31169
1.7299
1.7368
1.47374
1.37222
1.6304
1.14049
1.39058
1.51616
1.18245
1.70662
1.39483
1.27999
1.11388
1.43052
1.35494
1.46373
1.43997
1.25393
1.46633
1.39661
1.41764
1.33733
1.08767
1.08445
1.28431
1.86517
1.43785
1.12613
1.4462
1.3902
1.21717
1.18594
1.27965
1.92936
1.27768
1.69869
1.19612
1.51385
1.11657
1.63854
1.41581
1.14336
1.13554
1.26427
1.52155
1.9118
1.53098
1.11789
1.56757
1.31189
1.38862
1.18239
1.26459
1.47079
1.09069
1.2902
1.95929
2.11164
1.15457
1.18309
1.87498
1.44245
1.4231
1.15122
1.2549
1.38851
1.17028
1.21738
1.19005
1.15854
1.22772
1.65309
1.21376
1.43649
1.99085
1.14874
1.58622
1.42699
1.15761
1.12314
1.43972
1.25781
1.1648
1.52547
1.22327
1.42552
1.49867
1.48808
1.13883
1.15629
1.09297
1.32641
1.09623
1.38711
1.3471
1.15446
1.28808
1.53232
1.26547
1.12248
1.29954
1.23494
1.16926
1.10104
1.16533
1.62161
1.34724
1.11862
1.78709
1.69194
1.16373
