1.1219
1.18151
1.33751
1.11606
1.31549
1.09436
1.14359
1.76431
1.10265
1.35055
1.27075
1.21624
1.47326
1.11806
1.21811
1.27866
1.31646
1.39684
1.67396
1.31498
1.26749
1.59811
1.48142
1.09871
1.13407
1.50263
1.11493
1.11641
1.11693
1.30121
1.51088
1.31479
1.55546
1.11347
1.09589
1.39772
1.11117
1.57925
1.14779
1.38005
1.49631
1.18592
1.11911
1.19794
1.11345
1.2398
1.19462
1.17219
1.58945
1.84365
1.38531
2.05087
1.36129
1.45831
1.14511
1.09614
1.08385
1.29112
1.32354
1.63275
1.16453
1.77679
1.73416
1.412
1.35907
1.21802
1.14912
1.30061
1.27083
2.05864
1.20987
1.19899
2.00217
1.74692
1.2858
1.16897
1.57193
1.11594
1.17274
1.30231
1.29533
1.52882
1.39734
1.10155
1.39811
1.29328
1.23548
1.23193
1.69561
1.21155
1.26488
1.20804
1.22356
1.38011
1.1101
1.15892
1.09539
1.1725
1.10964
1.56761
1.13265
1.5312
1.91651
1.60451
2.64092
1.14178
1.5007
1.52213
1.08968
1.48051
1.16806
1.4433
1.45646
1.19457
1.14488
1.11414
1.175
1.19324
1.38388
1.10138
1.29715
1.11921
1.17977
1.66367
1.18212
1.21426
1.37091
1.1204
1.44632
1.17639
1.11371
1.20634
1.1094
1.2213
1.25778
1.36865
1.16027
1.81446
2.3467
1.54797
1.77518
1.11865
1.13643
2.16885
1.4198
1.13127
1.7042
1.12598
1.38245
1.28996
1.45388
1.27842
1.11762
1.35995
1.7426
1.27139
1.3217
1.16195
1.11642
1.46307
1.35128
1.20274
1.71692
1.67335
1.39618
1.09128
1.1236
1.11362
1.08348
1.28631
1.11715
1.96423
1.10699
1.45093
1.14654
1.37101
1.54262
1.33235
1.41885
1.1144
1.11417
1.21579
1.10728
1.80457
1.5029
1.11194
1.09795
1.36118
1.71291
1.13236
1.54399
1.87047
2.24932
1.08873
1.25246
1.11627
1.18868
1.87083
1.25081
1.12477
1.12142
1.181
1.36101
1.47838
1.10476
2.10419
1.11488
1.24292
1.11732
1.19775
1.20845
1.22823
1.17015
1.15792
1.46477
1.13928
1.1788
1.23229
1.18274
1.74094
1.21233
1.38214
1.2501
1.48348
1.43114
1.15407
1.35117
1.16271
1.18701
1.30423
1.30261
1.1253
1.1227
1.10201
1.17788
1.22373
1.11735
1.18337
1.3814
1.37497
1.47937
1.28778
2.4081
1.19062
1.39705
1.15224
2.44295
2.26869
1.26494
1.11509
1.12616
1.11351
1.24168
1.18161
1.15591
1.33135
1.21838
1.57712
1.17141
1.10765
1.35861
1.34021
1.16571
1.2347
1.74532
1.3258
1.32445
1.21614
1.27183
1.20592
1.28695
1.17266
1.48862
1.1537
1.11543
1.34626
1.08649
1.13671
1.10662
1.14382
1.15921
1.11756
1.11065
1.11631
1.22156
1.11671
1.45485
1.29577
1.11544
1.42696
1.41293
1.54632
1.79261
1.42819
1.14501
2.22883
1.41247
1.11336
1.1168
1.2676
1.17145
1.33693
1.14716
1.20904
1.11789
1.08802
1.3646
1.11427
1.11827
1.60392
1.60821
1.77347
1.85835
1.37407
1.31706
1.3494
1.50892
1.70721
2.30241
1.116
1.16128
1.20014
1.09907
1.13335
1.09393
1.33861
1.21435
1.11576
1.11071
1.44911
1.22388
1.43497
1.36211
1.23391
1.2322
1.52237
1.28888
1.09603
1.41149
1.55741
1.29533
1.77012
1.1356
1.45399
1.23787
1.11603
1.11663
1.30224
1.96957
1.19422
1.18822
1.33748
1.36007
1.11654
1.16636
1.20679
1.87339
1.74159
1.6334
1.37753
1.11654
1.10563
1.27658
1.39299
2.74193
1.08834
1.15885
1.27212
1.21372
1.08618
1.16014
2.1384
1.22771
1.27866
1.79944
1.41184
1.51472
1.77816
1.16265
1.16801
1.11419
1.958
1.21822
1.12373
1.10812
1.42708
1.45743
1.25696
1.18335
1.11455
1.19236
1.11796
1.53894
1.27044
1.27324
1.23823
2.01521
1.59286
1.18765
1.60146
1.09234
1.1039
1.4279
1.2503
1.19386
1.47499
1.22877
1.35055
1.18389
1.65371
1.67431
1.48632
1.60409
1.60353
1.16442
1.16759
2.01551
1.18012
1.23305
1.74749
1.282
1.53192
1.10126
1.1193
1.1431
1.28086
1.10087
1.2017
2.18575
1.11686
1.08356
1.22716
1.46664
1.45593
1.09142
1.12047
1.43136
1.34206
1.30557
1.50589
1.50113
1.27025
1.12825
1.32943
2.01317
1.45341
1.55951
1.15151
1.50089
1.19282
1.18342
1.27624
1.13905
1.276
1.11443
1.09485
1.27364
1.3118
1.11583
1.11846
1.27597
1.16478
1.19227
2.08413
1.1181
1.29629
1.13586
1.30601
1.46941
1.76712
1.15852
1.38021
1.34805
1.32522
1.45314
1.5266
2.13423
1.3038
1.47576
1.25377
1.35101
1.4271
1.18902
1.46664
1.67955
1.2464
1.45623
1.38924
1.16528
1.52943
1.11605
1.34028
1.39901
1.44729
1.30491
1.12932
1.1186
1.11692
1.21098
1.14876
1.54308
1.13231
1.23179
1.20804
1.7371
1.17339
1.2388
1.14695
1.11494
1.1182
1.25381
1.21603
1.26252
1.34221
1.1193
1.14018
1.31799
1.13537
1.57978
1.2925
1.15816
1.19936
1.37439
1.26281
1.3754
1.87952
1.41402
1.09917
1.11704
1.1374
1.34588
1.09834
1.15698
1.7754
1.34165
1.37375
1.55112
1.12323
1.1135
1.24107
1.14799
1.48212
1.21347
1.15906
1.21081
1.62341
1.64137
1.21742
1.12286
1.16478
1.43286
1.13589
1.2305
1.80047
1.25164
2.08364
1.09226
1.10449
1.15637
1.11654
2.07501
1.11679
1.60403
1.11565
1.32274
1.24324
1.12527
1.53163
1.1651
1.50309
1.31058
1.11531
1.32255
1.15728
1.43343
1.95323
1.40189
1.61934
1.57104
1.1949
2.0729
1.08351
1.0933
1.17867
1.40899
1.72814
1.2339
1.44767
1.114
1.1153
1.13924
1.15014
1.75869
1.58161
1.51982
1.64448
1.10908
1.3439
1.18919
1.33231
1.14662
1.1481
1.33141
1.11659
1.1934
1.3875
1.3409
1.20883
1.15404
1.18828
1.23656
1.11428
1.1658
1.2944
1.22738
1.1154
1.1096
1.16463
1.08588
1.1151
1.24306
1.078
1.4029
1.56169
1.63508
1.42022
1.22882
1.36367
1.22102
1.22218
1.74503
1.11291
1.47007
1.2404
1.31826
1.29675
1.32522
1.21768
1.57473
1.70299
1.68781
1.38059
1.42806
1.2715
1.36236
1.2785
1.44202
1.15556
1.38632
1.25485
1.69842
1.36421
1.2574
1.46775
1.639
1.3195
1.44011
1.31832
1.94937
1.64667
1.35774
1.20913
1.19098
1.6894
1.41727
1.20045
1.46559
1.50472
1.49944
1.13034
1.23102
1.49191
1.47022
1.44876
1.21271
1.23173
2.19982
1.79162
1.3095
1.11675
1.19964
1.16867
1.18717
1.34658
1.46204
1.12837
1.1963
1.34054
1.15051
1.14081
1.41934
1.52444
1.21369
1.20884
1.23824
1.24445
1.1175
1.17541
1.09463
1.69208
1.10151
1.1151
1.23475
1.18958
1.21586
1.62685
1.13186
1.16194
1.23205
1.11497
1.21938
1.18626
1.25474
1.54957
1.2479
1.10748
1.2947
2.13911
1.26713
1.30789
1.10383
1.5879
1.3813
1.11889
1.48894
1.08934
1.25134
1.09346
1.19115
1.76544
1.44448
1.43468
1.19886
1.401
1.31676
1.33205
1.34819
1.16717
1.30742
1.1164
1.18294
1.37288
1.11838
1.28302
1.20741
1.13901
1.15061
1.14668
1.41003
1.11599
1.17968
1.11553
1.47726
1.11796
1.25003
1.1156
1.08717
1.15349
1.11166
1.29218
1.39977
1.42969
1.49799
1.1157
1.42162
1.17486
1.49933
1.20951
1.45703
1.37288
1.11552
1.61457
1.11612
1.18855
1.17076
1.26484
1.66727
1.45684
1.37592
1.11668
1.11513
1.35132
1.24033
1.16818
1.63727
1.11174
1.7955
1.33041
1.18075
1.3516
1.22378
1.27658
1.23638
1.24069
1.31011
1.27347
1.34018
1.30899
1.26775
1.47721
1.60438
1.11564
1.46936
1.14912
1.47089
1.3279
1.23082
1.24469
1.17144
1.68776
1.36696
1.37029
1.21311
1.15299
1.16939
1.21296
1.50365
1.47707
1.11651
1.58542
1.41097
2.49706
1.27161
1.35522
1.37732
1.97816
1.18774
1.10643
2.05563
1.28953
1.33637
2.03412
1.30831
1.11267
1.50642
1.19253
1.27316
1.27292
1.3152
1.52883
1.31469
1.52606
1.18473
1.13795
1.1477
1.90568
1.19465
1.84088
2.03873
1.2328
1.21409
1.26147
1.32874
1.11565
1.33223
1.7233
1.38541
1.158
1.12284
1.4278
1.41533
1.10031
1.25005
1.31382
1.5635
1.17492
1.10546
1.7975
1.27816
1.39702
1.11191
1.32736
1.51416
1.66083
1.69209
1.11663
1.09442
1.50079
1.52421
1.61623
1.11819
1.3166
1.23141
1.2772
1.33835
1.37546
1.3809
1.25757
1.77645
1.50295
1.26283
1.48238
1.35188
1.13716
1.5952
1.13847
1.16796
1.17008
1.09294
1.31439
1.73277
1.23569
1.11322
1.1654
1.63146
1.11732
1.12881
1.93884
1.41123
1.16201
1.26148
1.28431
2.30525
1.116
1.53138
1.24425
1.11588
1.21479
1.17456
1.11383
1.23802
1.09658
1.75819
1.67414
1.24622
1.23023
1.2796
1.48302
1.51446
1.84202
1.61524
1.10368
1.1238
1.13213
1.21705
1.79447
1.11588
1.21479
1.17456
1.11383
1.23802
1.09658
1.75819
1.67414
1.24622
1.23023
1.2796
1.48302
1.51446
1.84202
1.61524
1.10368
1.1238
1.13213
1.21705
1.79447
1.23885
1.7435
1.31938
1.12174
1.11642
1.21446
1.48275
1.53037
1.10679
1.7521
2.2005
1.82735
1.11504
1.1963
3.235
1.51239
1.24305
1.82186
1.173
1.69249
1.49663
1.52938
1.70743
1.14334
1.48063
2.80673
1.11608
1.47049
1.31204
1.16812
1.22438
1.27555
1.28596
1.32554
1.11663
1.43093
1.15811
1.16243
1.10061
1.16208
1.36858
1.12956
1.41073
1.51683
1.34832
1.24655
1.27031
1.45277
2.22389
1.22388
1.25508
1.31671
1.10048
1.42326
1.15512
1.11466
1.6933
1.23603
1.13864
1.65157
1.4437
1.12088
1.11284
1.32198
1.27767
1.30134
1.29172
1.11523
1.22886
1.42766
1.11829
1.28172
1.11033
1.50869
1.38399
1.12892
1.18035
1.3309
1.21005
1.21279
1.35386
1.36749
1.15777
1.32066
1.1136
1.8697
1.22012
1.33277
1.15468
1.11363
1.41843
1.12838
1.08567
1.43449
1.82474
1.59404
1.24727
1.57512
1.33353
1.11413
1.17724
1.149
1.47391
1.35534
1.6114
1.14425
1.17924
1.48933
1.16905
1.20043
1.47689
1.79687
1.99819
1.26462
1.11572
1.11756
1.45148
1.1189
1.16453
1.10309
1.36581
1.13603
1.49215
2.02776
1.26499
1.49068
1.11795
1.38174
1.16375
1.10404
1.46125
1.11748
1.42223
1.20169
1.35575
1.33357
1.15249
1.45796
1.52362
1.16567
1.33142
1.19778
1.4262
1.36508
1.28185
1.13936
1.55434
1.31545
1.25416
1.2491
1.11494
1.14581
1.18402
1.21444
1.67586
1.21846
1.45221
1.72927
1.11604
1.08903
1.38282
1.35544
1.18225
1.67146
1.19426
1.87312
1.11464
1.65356
1.19906
1.11844
1.26199
1.10534
1.18288
1.11515
2.59623
1.11536
2.01073
1.28329
1.32995
1.38553
2.18703
1.18815
1.20941
1.47476
1.21947
1.24748
1.10586
1.28502
1.1919
1.09761
2.05516
2.50947
1.16217
1.31851
1.74786
1.11584
1.10651
1.13847
1.11815
1.14411
1.17317
1.1577
1.11613
1.65065
1.10875
1.30645
1.39044
1.18647
1.48104
1.22425
1.14739
1.30862
1.30718
1.43177
1.46817
1.16695
1.18498
1.16659
1.16192
1.66128
1.18557
1.25562
1.3778
1.90073
1.42519
1.26458
1.27762
1.11474
1.12368
1.76037
1.21019
1.51773
1.16058
1.45651
1.24509
1.34346
1.45788
1.17793
1.21032
1.9735
1.18706
1.38759
1.83465
1.51261
1.49105
1.21065
1.7209
1.3234
1.73537
1.10238
2.00692
1.96324
1.20783
1.07988
1.20945
1.2489
1.53607
1.7533
1.65262
2.0768
1.36292
1.2315
1.12011
1.2451
1.23796
1.40468
1.4161
1.3703
1.56898
1.45718
1.1413
1.12033
1.16169
1.30114
1.64876
1.47058
1.59316
1.23016
1.2227
1.40467
1.41151
2.11535
1.13949
1.11694
1.6213
1.21753
1.17921
1.11957
1.43094
1.22509
1.17365
1.5482
1.20024
1.11261
1.122
1.16465
1.11542
1.22565
2.00188
1.54624
1.66209
1.27927
1.23421
1.17611
1.11496
1.11933
1.10908
1.56794
1.16729
1.59748
1.32022
1.12002
1.28682
1.1406
1.17985
1.15025
1.10807
1.32197
1.10472
1.3566
1.22665
1.11696
1.14599
1.67426
1.22785
1.10431
1.71431
1.10274
1.30285
1.28604
1.36977
1.11759
1.4856
1.95226
1.8372
1.86536
1.10461
1.16699
2.06112
2.30979
1.58789
1.19632
1.36068
1.15121
1.19618
1.11616
1.1288
1.11835
1.41659
1.18833
1.26046
1.86724
1.26248
1.90033
1.38574
1.53618
2.21752
1.4166
1.11455
1.20169
1.35927
1.18364
1.09981
1.29346
1.43946
1.23231
1.51778
1.16373
2.06847
1.85659
1.15825
1.45862
1.65258
1.34177
1.29018
1.11668
1.26562
1.11579
1.67005
1.21322
1.2216
1.1722
1.41531
1.11559
1.14722
1.27653
1.32124
1.21328
1.42923
1.21517
1.41992
1.21857
1.4431
1.25408
1.73265
1.72177
1.11382
1.29328
1.36489
1.26087
1.51228
1.52291
1.61023
1.33231
1.60436
1.43015
1.11658
1.11369
1.6447
1.11605
1.11366
1.28273
1.33749
1.32943
1.11703
1.39285
1.19337
1.62293
2.18199
1.56701
1.13878
1.31744
1.18304
1.34674
1.33685
1.33757
1.50058
1.18483
1.21625
1.12618
1.31597
1.1303
1.21287
1.59697
2.00675
1.08804
1.46965
1.1115
1.15055
1.19549
2.81073
1.56387
1.73534
1.19067
1.55702
1.28686
1.12182
1.1301
1.75621
1.75139
1.21075
1.14568
1.64648
1.18038
1.22041
1.11699
1.09364
1.2593
1.31886
1.11414
1.26464
1.38713
1.13548
1.27169
1.38875
1.10545
1.1607
1.15583
1.33744
1.24326
1.24652
1.09606
1.117
1.20742
1.12708
1.16146
1.0941
1.45818
1.18666
1.11806
1.42445
1.33057
1.50292
1.50832
1.10974
1.12273
1.16677
1.12236
1.14574
1.10538
1.21405
1.11489
1.17945
1.2305
1.40138
1.13199
1.62676
1.215
1.28376
1.51064
1.16354
1.08547
1.1064
1.66565
1.67135
1.49725
1.25065
1.16085
1.33246
1.11671
1.16709
1.44525
1.13294
1.08036
1.11649
1.45739
1.12406
1.11492
1.09781
1.13363
1.24342
1.84178
1.15524
1.43787
1.22226
1.27101
1.11503
1.33261
1.42411
1.47584
1.32157
1.08495
1.08647
1.66345
1.22977
1.16758
1.1449
1.11298
1.10645
1.18003
1.10329
1.18986
1.49119
1.48798
1.61204
1.42066
1.32632
1.11766
1.298
1.33429
1.23646
1.40338
1.22282
1.1976
1.14967
1.11866
1.22198
1.11395
1.39956
1.42814
1.13403
1.30111
1.21478
1.27321
1.29137
1.75108
1.81369
1.53781
1.10518
1.114
1.08579
1.25774
1.18243
1.09434
1.22741
1.8054
1.36802
1.32177
1.28198
1.11917
1.14164
1.09628
1.12272
1.53754
1.32874
1.30872
1.1002
1.14786
1.26778
1.80375
1.15076
1.25551
1.20742
1.12708
1.16146
1.0941
1.45818
1.18666
1.11806
1.42445
1.33057
1.50292
1.50832
1.10974
1.12273
1.16677
1.12236
1.14574
1.10538
1.21405
1.11489
1.17945
1.2305
1.40138
1.13199
1.62676
1.215
1.28376
1.51064
1.16354
1.08547
1.1064
1.66565
1.67135
1.49725
1.25065
1.16085
1.33246
1.11671
1.16709
1.44525
1.13294
1.08036
1.11699
1.09364
1.2593
1.31886
1.11414
1.26464
1.38713
1.13548
1.27169
1.38875
1.10545
1.1607
1.15583
1.33744
1.24326
1.24652
1.09606
1.117
1.35543
1.11479
1.08614
1.60426
1.40822
1.18631
1.6032
1.54232
1.10491
1.12796
1.44524
1.34295
1.14705
1.58416
1.40034
1.5098
1.29828
1.70651
1.15505
1.22359
1.24392
1.22233
2.12319
1.6484
1.25871
1.20194
1.17991
1.18065
1.25021
1.41312
1.10336
1.0954
1.31834
1.45359
1.17609
1.49723
1.10422
1.72148
1.31056
1.35843
1.14109
1.13227
1.15935
1.27367
1.7134
1.44396
1.73867
1.60315
1.62232
2.28777
1.11732
1.12881
1.93884
1.41123
1.16201
1.26148
1.28431
2.30525
1.116
1.53138
1.24425
1.11548
1.64708
1.64223
1.11842
1.15705
1.3376
2.20081
1.55639
1.34963
1.42558
1.1547
1.43595
1.94326
1.25361
1.76995
1.47457
1.41158
1.39466
1.0872
1.08659
1.11261
1.56252
1.0805
1.12238
1.93869
1.32248
1.19805
1.12155
2.39087
1.29661
1.81949
1.19126
1.6883
1.11715
1.15534
1.20811
1.58153
1.18235
1.11763
1.22577
1.61773
1.253
1.44852
1.42673
1.10267
1.19844
1.14339
1.09813
1.17512
1.19615
1.69076
1.53999
1.97371
1.64003
1.46174
1.25879
1.25354
2.36103
1.46116
1.11398
1.47996
1.60885
1.53793
1.42083
1.78451
1.23841
1.10603
1.11784
1.1053
1.09485
1.15764
1.24221
1.1397
1.30282
1.30877
1.2986
1.14044
1.11283
1.38611
1.521
1.23223
1.26217
1.09556
1.52519
1.1159
1.11929
1.36921
1.14934
1.2599
1.37204
1.3513
1.4208
1.27618
1.87047
1.41891
1.29493
1.11622
1.15709
1.11658
1.14185
1.16533
1.26349
1.11132
1.24728
1.1781
1.29008
1.3151
1.38004
2.38221
1.39586
2.11927
1.3224
1.2481
1.28355
1.47198
1.11749
1.7141
1.52675
1.32987
1.19087
1.27674
1.20144
1.30539
1.27225
1.13292
1.39696
1.2289
1.35254
1.1808
1.14288
1.31662
1.1342
1.36572
1.11952
1.11502
1.17953
1.76273
1.1836
1.29298
1.56289
1.25072
1.31454
1.4807
1.34842
1.11416
1.1169
1.23091
1.27416
1.62828
1.28234
1.3964
1.21287
1.397
1.32569
1.25918
1.8975
1.10982
1.11476
1.25925
1.34856
1.16826
1.15549
1.50997
1.18772
1.1297
1.11466
1.18694
1.352
1.25583
1.5085
1.29615
1.47289
1.11712
1.09313
1.19369
1.80365
1.42167
1.11548
1.28228
1.16945
1.42504
1.2108
1.18519
1.2383
1.88811
1.16769
1.48555
1.4291
1.47664
1.17892
1.30423
2.50717
1.41681
1.15775
1.14372
1.32144
1.50703
1.10332
1.80127
1.33587
1.14066
1.19898
2.18147
1.23818
1.76089
1.09616
1.69683
1.24649
1.36289
1.12428
1.21281
1.70752
1.13388
1.18761
1.67668
1.18405
1.20934
1.08698
1.30293
1.18627
1.3047
1.11423
1.42037
1.17263
1.11191
1.20593
1.17535
1.21514
1.19317
1.14389
1.77408
1.22219
1.48748
1.17275
1.18755
1.08476
1.19597
1.27438
1.32378
1.11921
1.73934
1.14548
1.71616
1.18797
1.11824
1.16969
1.14611
1.70638
1.23502
1.11925
1.11662
1.13057
1.16693
1.83647
1.24893
1.11778
1.33931
1.1155
1.17271
1.11392
1.72585
1.1897
1.36148
1.17648
1.69751
1.58393
1.17169
1.11311
1.32719
1.27204
1.30249
1.14224
1.11642
1.3684
1.37801
1.34775
1.38291
1.33109
1.20205
1.22331
1.43942
1.31677
1.35045
1.21124
1.08475
1.11497
1.18142
1.14747
1.23702
1.09604
1.34306
1.1931
1.14022
1.34233
1.16124
1.65364
1.21887
1.26117
1.30586
1.18849
1.77588
1.1596
1.77632
1.08715
1.16353
1.11532
1.11729
1.27715
