1.28493
1.23009
1.32104
1.2663
1.22148
1.55526
1.23599
1.11426
1.29245
1.46843
1.71593
1.48094
1.34311
1.14321
1.83583
1.19486
1.45753
1.11631
1.28487
1.4686
1.85952
1.27198
1.46379
1.18231
1.55971
1.30073
1.28506
1.31109
1.29218
1.26005
1.11313
1.17614
1.29815
1.11676
1.58184
1.11831
1.58184
1.11831
1.2769
1.34906
1.09179
1.18369
1.38961
1.65074
1.25431
1.25942
1.11353
1.3184
1.18087
1.14881
1.11677
1.38237
1.21537
1.11716
1.28872
1.22928
1.12354
1.21101
1.50526
1.77291
1.39522
1.43011
1.43181
1.33438
1.20465
1.11716
1.28872
1.11677
1.38237
1.21537
1.15476
1.24178
1.70867
1.23663
1.82893
1.25673
1.31064
1.26278
1.36563
1.11686
1.20866
