0.469363
0.447845
0.432663
0.72839
0.348369
0.478526
0.499378
0.394191
0.365858
0.493036
0.365784
0.332875
0.508026
0.418481
1.47466
0.344993
0.335229
0.468982
0.456216
0.317819
0.384087
0.589428
0.456156
0.501325
0.332474
0.738465
0.500404
0.478642
0.350041
0.495815
0.868723
0.500349
0.525813
0.29565
0.328823
0.290389
0.498824
0.354975
0.37035
0.325934
0.735129
0.36716
0.461614
0.309188
0.423155
0.351363
0.523839
0.505568
0.29691
0.381604
0.314634
0.517905
0.458758
0.537439
0.331344
0.445184
0.318844
0.335082
1.35236
0.484856
0.286914
0.497972
0.413762
0.337044
0.280877
0.387329
0.337016
0.432401
0.424672
0.339831
0.349921
1.10063
0.492073
1.74922
0.462476
0.508526
0.360497
0.426729
0.394912
0.309565
0.501234
1.05003
0.453331
0.497527
0.492823
0.363278
0.280754
0.286964
0.507537
1.23766
0.300174
0.382618
0.566557
0.497682
0.401503
0.669404
1.52129
0.885949
0.498582
0.815298
0.387004
0.301207
0.444501
0.887609
0.63506
1.24723
0.496601
0.501421
0.543099
0.447052
0.429976
0.942936
0.532471
0.497691
0.415178
0.360286
0.404135
0.307784
0.306586
0.287471
0.412851
0.413329
0.490073
0.470238
0.493062
0.309546
0.544993
0.423881
1.07947
0.486308
0.495181
0.479392
0.314658
0.362162
1.65749
0.359475
0.738701
0.307307
0.337144
0.280349
0.915934
0.500306
0.394907
0.586097
0.379553
0.896406
1.16517
0.933407
1.19739
0.575141
0.419492
0.508546
0.286792
0.580457
0.482324
0.34878
0.498787
0.405357
0.394353
0.776143
0.98689
1.00199
0.305922
0.693535
0.49499
0.33805
0.477451
0.56579
1.37547
1.59394
0.438259
0.841242
1.57134
0.494375
0.64066
0.396224
0.871122
0.495905
0.533592
1.18303
0.475479
0.497648
0.400194
1.81201
0.529299
0.406954
0.715506
0.589884
0.534294
0.342292
0.729398
0.754193
0.866273
0.547168
0.747947
0.598825
0.313678
0.318514
0.545692
0.940065
0.338005
1.18926
0.346606
0.85512
0.393933
1.08859
0.741574
0.473949
0.508119
0.632832
0.406909
1.30226
0.414709
0.435961
0.393378
0.503307
0.379098
0.513465
0.929421
0.494799
0.38611
0.507278
0.682077
0.532046
1.31237
0.323401
1.8879
0.316863
0.762657
0.702554
0.333601
0.359794
0.807263
1.27613
0.371477
0.35136
0.307374
0.364129
0.453726
0.513198
0.493163
0.405984
0.635097
0.419313
0.293272
0.360824
0.503924
0.556775
0.32149
0.378257
0.767059
0.334789
0.356978
0.287616
0.31089
0.470331
0.302292
0.493582
1.19411
0.291329
0.316129
0.494932
0.330939
0.524209
0.501645
0.493215
0.379813
0.295149
0.494536
0.548848
0.444958
0.41604
0.531291
0.295284
0.720924
0.646156
0.353092
0.498733
0.690684
0.368362
0.89272
0.500583
0.513919
0.394247
0.423924
1.19371
0.4915
0.4211
1.45613
0.408723
0.807134
0.738043
0.3947
0.642435
0.386184
0.486294
0.338191
0.832432
0.419276
0.505113
0.494618
0.775624
0.391476
0.823679
0.47935
0.495799
1.09171
1.06718
0.320377
0.611159
0.311872
0.533055
0.330797
0.355659
0.484111
2.9986
0.389461
0.525284
0.714614
0.354308
0.327282
0.608361
0.44834
0.420343
0.493821
0.699629
0.447818
0.498154
0.517041
0.851863
0.403328
0.332589
2.56277
0.497184
0.39967
0.491922
0.360252
0.506769
1.42482
0.386077
0.456736
0.449331
0.323783
1.41526
0.794019
0.372257
0.446283
0.637559
0.450629
1.35677
0.5625
0.473701
0.473404
0.964755
0.325301
0.980854
0.620369
0.56737
0.905207
0.507684
0.48629
1.47191
0.340907
0.423691
0.482817
0.383146
0.587302
0.323114
0.501076
0.465117
0.332947
0.496022
0.35213
0.318158
1.30253
0.490619
0.399688
0.379671
0.660831
0.380293
1.14109
0.497675
0.792411
0.725873
2.33746
0.520143
0.347247
0.379528
0.328905
0.341645
0.349764
0.479226
0.672523
0.552088
1.08036
0.529365
0.307544
0.422793
0.396207
0.287075
0.299625
0.384437
0.304144
0.824341
1.43858
0.285108
0.319657
0.3376
0.435125
2.20719
0.305041
0.938175
0.893183
0.327291
0.487103
0.720842
0.446248
0.360739
0.349745
0.759247
0.444907
0.375808
0.317586
0.496162
0.464224
0.501779
0.513529
0.293513
0.629141
0.366987
1.10642
0.852322
0.324046
0.342451
0.295845
0.330538
0.489004
0.400311
0.535101
0.461561
0.588655
0.705616
0.307964
0.802437
0.405527
1.01138
0.302449
0.491428
0.499736
1.19457
0.282043
0.449238
0.627938
2.73123
0.563746
0.514129
0.351564
0.327455
0.308401
0.476579
0.446513
0.323363
0.883517
0.703535
0.720218
0.497937
0.360238
0.502996
0.35272
0.316311
0.286866
0.90965
0.684319
0.554416
0.513654
0.497698
1.05987
0.788508
0.800029
0.313773
0.831104
0.340562
0.366937
0.685394
0.489327
0.335147
0.411322
0.496207
0.394959
0.865273
0.677923
0.398359
0.737093
0.664544
0.406067
0.357997
1.02865
0.74706
0.575345
0.338371
0.398601
0.300232
0.540694
0.774995
0.443338
0.537601
0.296523
0.324129
0.284855
0.321605
0.297779
1.02918
0.743709
0.512389
0.81839
1.11586
0.413976
1.02057
0.338124
0.495847
0.421567
0.499928
0.364107
1.14572
1.11109
0.418821
0.518014
0.579939
0.33037
0.546772
0.555327
0.312699
0.51998
0.411444
0.331072
0.454471
0.495741
0.702443
0.806494
0.394093
0.748108
0.331972
0.327992
0.505093
0.368743
1.81818
0.953682
0.498625
0.684432
0.489495
0.371949
0.527697
2.21117
1.20824
0.506371
0.352193
0.315947
0.821682
0.566668
0.671249
0.319354
0.511392
0.371262
0.365808
0.742053
0.416441
0.61375
0.42156
0.330625
0.640077
0.829837
0.558055
0.540622
0.381198
0.512084
1.0184
0.49798
0.326554
0.495011
0.33299
0.398396
0.40039
0.495734
0.493906
0.358062
0.347065
0.503172
0.37441
0.793701
0.739714
0.463641
0.338355
0.432594
0.516717
0.299076
0.405214
0.790711
0.35942
0.297199
0.925831
0.733999
0.583876
0.554425
0.433897
0.497186
0.304476
0.343275
0.285358
0.307679
0.469024
0.340115
0.306504
0.370662
0.333165
0.30968
0.338459
0.572938
0.47156
0.520127
0.602714
0.657433
0.406596
0.376305
0.435364
0.471896
0.59692
0.358936
0.301566
0.498525
0.30352
0.293819
0.462013
0.493338
0.296875
1.64723
0.895467
0.502055
0.49825
0.500953
0.367053
0.330713
1.71208
0.470671
0.316373
0.466772
0.584395
2.279
0.557274
0.318568
0.858178
0.3559
0.386938
0.62695
0.330595
0.40271
0.707128
0.410823
0.355217
0.441505
2.12072
0.40098
0.465989
0.416168
0.305432
0.351772
0.41643
0.38407
0.59524
0.351724
1.02007
5.32028
0.559492
0.498816
0.416154
0.447137
0.482231
0.491127
0.381572
0.299
0.312426
0.494658
0.738084
0.328103
0.497944
1.1337
1.70401
1.66731
0.597751
1.02288
0.291798
0.658221
0.503012
0.302105
1.25437
0.283284
1.03979
0.313884
0.74538
0.381826
0.377923
0.512382
0.489744
0.938909
0.579605
0.808479
0.328894
0.286962
0.311534
0.494438
0.808074
0.282602
0.520031
1.72441
1.09599
0.386813
0.504151
0.472966
0.376251
0.321933
0.628055
0.329654
0.386915
0.653751
0.374895
0.31915
0.722321
0.32632
0.318027
0.279471
1.87482
0.496073
0.318037
0.290455
0.38232
0.291003
0.322289
0.502288
0.499004
1.39505
0.410889
0.450429
1.47876
0.318535
0.454921
0.337551
0.296896
0.877734
0.623498
0.435498
0.381705
1.10407
0.431696
0.328543
0.640176
0.416642
0.835651
0.333103
1.57115
0.321904
0.65599
0.342187
0.397879
0.935599
0.496636
0.293348
0.498081
0.349103
0.308405
0.898468
0.562274
0.443562
0.458806
1.76869
0.830834
0.314534
0.491794
0.781289
0.619765
1.04951
1.14981
1.01832
0.374916
0.438229
0.389027
0.65897
0.609151
0.359843
0.919732
0.282321
0.476183
0.749144
2.09907
0.324882
0.590398
0.637321
0.913942
0.338782
0.629955
0.49589
0.282495
0.283958
1.11892
0.4925
0.304067
1.19447
0.493968
0.511915
0.506063
0.354043
0.555783
0.525351
0.394017
0.460392
0.491027
0.301879
0.876891
0.980849
0.943359
0.304345
0.790806
0.312708
0.497502
0.490843
0.496884
0.988598
0.514139
0.394602
0.498224
0.52365
0.542653
0.393783
0.492217
0.333223
0.558211
0.406669
0.850631
0.454237
0.379212
0.33244
0.518933
0.498126
0.490809
0.496752
0.291343
0.297485
0.323317
0.366815
0.485185
0.496749
0.439528
0.285732
0.615226
0.472381
0.407475
0.491006
0.496602
0.509503
0.313978
0.508144
1.01011
0.409592
0.494218
0.399273
0.87193
0.498381
0.382192
0.429425
0.540951
0.410903
0.381207
0.579312
0.353658
0.441996
0.441066
0.629929
0.397546
0.566811
0.408475
0.301961
0.407279
0.388294
0.495867
0.326446
0.947118
0.423584
0.684276
0.325347
0.380075
0.599791
0.365242
0.498365
0.498334
0.426215
0.419047
0.444197
0.507747
0.407038
0.418031
0.399562
0.635302
0.503554
0.629024
0.384411
0.307838
0.371053
0.582086
0.40547
0.490957
0.925747
0.796636
0.482735
0.439221
1.68977
1.06278
0.42124
1.04032
3.57957
3.04788
3.2604
0.350168
0.502142
0.496003
0.288268
0.2893
0.545733
0.832401
0.752884
0.532196
0.542449
0.512785
0.343773
1.57462
0.477796
0.694062
0.319779
0.558925
0.620867
0.285655
0.50927
0.309566
0.30632
0.510586
0.412699
0.426873
0.279171
0.491202
1.32985
0.848249
0.545749
0.498526
0.366104
0.338558
0.630241
0.405809
0.655359
0.496971
0.645612
0.433499
0.325315
0.423461
0.422336
0.49398
0.293256
0.693053
0.359088
0.300516
0.4615
0.701823
0.503868
0.379107
0.441635
0.46569
0.315564
0.708094
0.316123
0.509447
0.410422
0.665941
0.336724
0.339415
0.475631
1.44699
0.286817
0.396601
0.4188
1.14504
0.527073
0.356915
0.431753
0.337204
0.367634
0.496857
0.429064
0.495372
1.36626
0.283728
0.296057
0.29727
0.376834
0.510429
0.476859
0.554136
0.350553
0.305183
0.33379
0.328495
0.574136
0.838563
1.8018
0.790534
0.7469
0.396448
0.438837
0.830249
0.487873
0.997851
0.415142
0.314702
0.429813
0.399635
0.476495
0.608194
0.295564
0.784313
1.23159
0.296121
0.34895
0.367258
0.435642
0.843397
0.50868
0.549356
0.8314
0.344759
0.513909
0.49442
0.588851
1.49827
0.423886
0.31135
0.602557
0.655189
0.707104
0.731566
0.521671
0.460079
0.49759
0.348744
0.590553
0.739801
0.496211
0.499645
0.490377
0.96967
2.74543
0.33877
0.671658
0.845738
0.496239
0.494289
0.533874
1.52935
0.318549
0.445654
0.690658
0.741898
0.43625
0.856991
0.731714
1.48783
1.21933
1.06289
0.448831
1.56822
0.358429
0.306147
0.425926
0.410353
0.479018
0.41178
0.491983
1.3945
0.331929
0.382431
1.05298
0.401915
0.81657
0.835752
0.287066
0.333605
0.593939
0.73882
0.389163
0.495558
0.493121
0.425924
0.287661
1.08095
0.476772
0.910237
0.460729
0.457841
1.14067
0.479844
0.429984
0.473003
0.79201
0.371821
0.376031
0.500449
1.10608
0.302834
0.28874
0.499647
0.493241
0.495816
0.371408
1.13538
0.323623
0.291631
0.312505
0.310366
0.555558
0.540501
1.05406
0.469773
0.308999
0.402718
0.335443
0.386775
0.34324
0.384161
1.31143
0.403254
1.06038
0.525605
0.709293
0.497818
0.459432
1.0135
2.82587
0.460389
0.529435
0.62639
0.297659
0.774187
0.513143
0.307492
0.401999
0.363935
0.327065
0.515931
0.360931
1.7885
0.376849
0.5522
0.490664
0.347095
0.327056
0.507515
1.90678
0.326345
0.327839
0.497741
1.35034
0.611794
0.643454
0.827773
0.430737
0.460135
0.354958
0.800917
0.514713
0.544411
0.475122
0.959135
0.493885
0.361073
0.339847
0.387753
1.10845
0.359529
0.815919
0.293141
0.485662
0.496464
0.332459
0.488421
0.329316
0.817707
0.381083
0.8257
1.75945
0.35741
0.528781
0.616617
0.579954
0.42996
0.419679
0.327278
0.35584
1.70533
0.544859
0.497942
0.497506
0.92696
0.73855
0.321907
0.687867
0.318224
0.315266
0.28434
0.382443
0.428085
1.63467
0.302465
0.381935
0.407285
0.300785
0.312643
0.340125
0.49621
0.500686
0.324735
0.308737
0.461426
0.38469
0.496151
0.760492
0.364715
0.870774
0.313091
0.455847
0.505043
0.490827
0.30214
0.738049
0.386626
0.465937
1.23579
0.684646
0.828207
0.780934
1.37766
0.355125
0.495228
0.510053
0.49586
0.337741
0.642745
0.687709
0.357393
0.413526
0.296163
0.495414
0.336625
0.416051
0.497429
0.357374
1.22977
0.279176
0.386958
0.493965
0.280819
0.482168
0.30538
0.32015
0.457399
0.36622
0.36339
0.495143
0.756093
0.520614
0.299415
0.351912
0.409259
0.311976
0.507342
0.289253
0.560528
0.315293
0.577482
0.393138
0.457146
0.389347
0.289594
0.340766
0.497061
0.39534
0.81135
0.875349
1.34611
0.523146
0.294958
0.78287
0.589993
0.393654
0.621565
0.449987
0.575714
0.396966
0.452431
0.493217
0.303366
0.317221
0.283966
0.671045
0.483045
0.34317
0.627753
0.493761
0.6229
0.962667
0.340306
0.36435
0.347271
0.31383
0.888381
0.283193
0.730362
0.355878
0.384305
0.337199
0.490455
1.78355
0.615359
0.463466
0.492167
0.489888
0.449896
0.495259
0.358695
0.36907
0.594231
2.23205
0.307456
0.49856
0.378003
0.335349
0.405061
0.498063
0.499007
0.621969
0.47307
0.634011
0.449618
0.387383
0.334826
0.495387
0.509431
0.513248
0.926765
0.294124
0.498055
0.439675
0.710983
0.357088
0.501328
0.49292
0.342554
0.332346
0.382705
0.456951
0.620732
0.619733
1.08589
0.771594
0.353563
0.777869
0.49308
0.880402
0.6822
0.445446
0.32604
0.497847
0.462219
0.340044
0.346708
0.49351
1.034
0.418386
0.516732
0.455871
0.669733
0.414769
0.37524
0.660927
0.336361
0.316291
0.324647
0.491386
0.310687
0.431126
0.325195
1.15083
0.336928
0.663637
0.570926
0.315319
0.314398
0.310448
1.35357
0.315009
1.06133
0.349226
0.643919
0.306196
0.358001
0.495169
0.285265
0.428281
0.555665
0.997228
0.490951
1.42957
0.500687
0.370103
0.48508
0.290868
0.777426
0.668325
0.63709
0.617283
0.516494
0.505007
0.321713
0.409774
0.506576
0.287226
0.584566
0.630422
1.76463
0.492935
0.393331
0.527052
0.443966
0.695449
0.572239
0.41853
0.540419
2.42556
0.305556
0.445324
0.34392
0.516661
0.282736
1.33688
0.774085
0.29061
0.308395
0.295869
0.346373
0.338056
0.86565
0.954614
0.415218
0.600497
0.907784
0.494661
1.14806
0.43453
1.4059
0.444121
1.00565
0.352515
0.486409
0.5916
0.292851
0.366138
0.369984
1.631
0.49364
0.695006
0.450544
0.330302
1.3363
0.675356
0.895025
0.292826
0.33608
1.42259
0.765527
1.09292
0.525886
0.500053
0.364277
0.290893
0.496096
0.414374
0.449537
0.408153
0.74703
0.498225
0.541984
0.618868
0.860877
0.700497
1.27818
0.865789
0.29999
0.4077
0.455898
0.545636
0.34102
0.676053
0.49904
0.59135
0.551632
0.492906
0.314235
0.347681
0.596632
0.366562
0.457829
0.351855
0.356839
1.00526
0.356054
0.617941
0.541998
0.402401
0.938256
0.586612
0.816736
0.581401
0.850767
0.838159
0.502367
0.36176
0.478423
0.368212
0.494481
0.313949
0.441834
1.35378
0.696216
0.677766
0.501298
0.486779
0.316014
0.953263
0.490774
0.356185
0.450326
0.303293
0.745986
0.608432
0.510985
0.967241
0.467118
0.445112
0.320663
0.33999
0.291587
0.318925
0.502133
0.449451
0.637087
0.287588
0.380131
0.343005
0.710674
0.332138
0.284913
0.446416
0.442142
0.413618
0.601272
0.501502
0.498214
0.464897
0.882001
0.445295
1.01406
1.25731
0.308221
0.358107
1.0896
0.392404
0.494425
0.683425
0.368405
0.51187
1.2442
0.527461
0.431553
0.362075
0.324278
0.566804
0.538752
0.491349
1.06666
0.27933
0.481972
0.769865
0.351667
0.497948
0.33551
0.335589
0.39837
0.321847
0.480468
0.311153
0.57872
0.711291
0.441055
0.323653
0.63912
0.705167
0.385171
0.524168
0.502978
0.549706
0.352389
0.401822
0.592545
0.882735
0.491485
0.362928
0.677165
0.48365
0.684685
0.311936
0.315973
0.292371
0.325373
0.356865
0.388479
0.673678
0.321137
0.373139
0.472241
0.378209
0.49743
0.58864
0.542116
0.427377
0.332638
1.38904
0.463438
0.30455
0.511564
0.5963
0.509405
0.300853
0.391465
0.494788
0.724361
0.316883
0.513651
0.552809
0.338858
0.602583
0.423129
0.345306
0.496898
0.492589
0.39607
0.412354
0.627407
1.76736
0.362685
0.35085
0.499719
0.618281
0.496389
0.58029
0.717293
0.474933
0.373707
0.483468
0.491774
0.595478
0.407925
0.321513
0.363105
0.423464
0.322105
1.22562
0.469018
0.391113
0.494462
0.334574
0.371182
0.370424
0.425748
0.539698
1.33894
0.539477
0.368416
0.343267
0.566377
0.472327
0.500717
0.317653
0.349847
0.495787
0.430266
0.500289
1.18541
1.07097
0.595182
0.645844
0.509519
0.47225
0.611807
0.666175
1.0297
0.355646
0.350935
0.478654
0.367832
0.499916
0.523977
0.800436
0.280912
0.465248
0.407334
0.629432
0.496845
0.460997
0.379795
0.317899
0.358161
0.856644
0.709151
0.345728
0.991804
0.322469
0.556564
0.779135
0.42084
0.604097
0.409194
0.426359
0.388927
0.339475
0.755146
0.399012
0.830286
0.464474
0.714869
0.812046
0.609081
0.729705
0.553681
0.503876
0.438368
0.397703
0.349504
0.511361
0.489442
0.291004
0.462197
0.386758
0.445807
0.535877
0.984535
0.349622
0.295476
0.51052
0.448841
0.330485
0.310528
0.715649
1.26175
0.366464
0.49689
0.365667
0.494251
0.342301
0.539114
0.392999
0.314482
0.498275
0.37385
0.77051
0.374015
1.09252
0.32005
0.336194
0.450542
0.630563
0.529215
0.290118
0.341375
0.342522
0.300387
0.766266
0.548547
0.650074
1.37399
0.34667
0.359096
0.373511
0.354402
0.45969
0.392587
0.379621
0.580119
0.573501
0.284132
0.365518
0.606941
0.503802
0.343898
0.690622
0.669684
0.330646
0.362257
0.57964
0.491308
0.404988
0.636559
0.315638
0.490508
1.11569
0.449277
0.540836
0.677647
0.446221
0.460487
0.471885
0.31236
0.564998
0.961311
0.599529
0.351417
0.329518
0.540451
0.492806
0.32885
0.529624
0.913672
0.504802
0.496221
0.768328
0.504826
0.328121
0.304209
0.517068
0.498899
0.661307
0.643028
0.306281
0.376872
0.330583
0.350611
0.363003
0.502295
0.368252
0.686609
0.453611
0.375604
0.465194
0.494961
0.39595
0.550489
1.55518
0.496321
0.421456
0.330584
0.488517
0.285356
0.492584
0.323186
0.316636
0.48082
0.94971
0.476945
0.339061
0.395088
0.521709
0.422883
0.508529
0.331518
0.305014
0.39142
0.298779
0.396142
0.31356
0.524223
0.332768
0.713247
0.493812
0.335471
0.490968
0.453049
0.529387
0.921412
0.470304
0.54823
0.383983
0.498909
0.983358
0.307583
0.310978
1.02232
0.367269
0.958775
0.502674
0.49573
2.20146
0.342294
0.279282
0.292876
0.494731
1.07174
0.953771
0.403464
0.315907
0.486869
0.417452
0.47844
0.398893
0.40802
0.430205
1.14967
0.494212
0.357304
0.301467
0.458397
0.576562
0.412241
0.347035
0.29684
0.531328
0.311484
0.49925
0.489864
1.12601
0.344472
0.392181
0.79758
0.291191
0.317853
0.496774
0.301609
0.625881
0.494601
0.498377
0.743629
0.308917
0.291592
0.582006
0.571704
0.494569
0.32384
2.2258
0.409434
0.303586
0.493879
0.906624
0.287723
0.455846
0.727996
0.388321
0.39497
0.580428
1.30982
0.418901
0.316652
0.507306
0.89349
0.386973
0.92113
0.497026
0.687807
0.610162
0.496756
0.298032
0.422834
0.825272
0.35468
0.323813
0.356837
0.354685
2.59516
0.96839
0.475091
0.656681
0.3365
0.496404
0.496316
0.507022
0.878892
0.336735
0.539629
0.664487
0.518345
0.637447
0.32961
0.365043
0.384046
0.481395
0.41831
0.373058
0.493691
0.319077
0.957341
0.310487
0.415407
0.379088
0.500521
0.634702
0.541696
0.379758
0.284414
0.622999
0.308734
0.357436
0.347376
0.315285
0.319969
0.348785
0.478491
0.31793
0.51156
0.317935
0.465845
0.317674
1.26355
0.497949
0.318483
1.6347
1.91952
0.351325
0.521094
0.413083
0.314722
0.356162
0.531278
0.593339
0.48535
0.49712
0.37066
0.472534
0.634055
1.40345
0.54054
0.416639
0.398954
0.351168
0.49093
0.404082
0.595019
0.437624
0.518006
0.981139
0.668585
0.328804
0.302391
0.793129
1.05238
1.14933
0.331657
0.682363
0.455757
0.419032
0.303124
0.766875
0.364641
0.498162
0.326663
0.677222
0.299212
0.373863
0.434057
0.489143
0.544409
1.44747
0.443251
0.451881
0.576367
0.478863
0.325034
0.503523
0.360837
0.427588
0.768756
0.491473
0.56457
0.883539
0.478907
0.444181
0.342685
0.386409
0.491651
0.498347
1.11819
0.36999
0.33152
1.06984
0.295334
0.814326
0.408355
0.498396
0.88644
1.19102
0.405683
0.291525
0.353093
0.352472
0.367433
0.499087
0.384042
0.374428
0.304075
0.364096
0.381997
0.539967
0.299654
1.20365
0.763612
0.383534
0.309759
0.3029
1.16038
0.497743
0.345419
0.305407
0.619349
0.775515
0.324118
0.422924
0.44749
0.352622
0.288357
0.285454
0.326837
1.06008
0.301743
0.340797
0.373033
0.510214
0.686863
0.299505
0.319976
0.496465
0.610442
0.448506
0.336334
0.322118
0.632871
1.41946
0.951354
0.450759
0.3345
0.317194
0.492816
0.364564
0.662801
0.495237
0.503876
0.342543
0.400032
0.387117
0.493532
0.300582
0.520866
0.659357
0.61967
0.357511
0.464728
0.495075
0.79948
0.430068
0.499463
0.318765
0.91035
0.333277
0.608986
0.313196
0.393297
0.307653
0.308105
0.497066
0.523927
0.362957
1.14096
0.367787
0.686376
1.21086
1.66106
1.09088
0.530754
0.357223
0.340745
0.357685
0.499197
0.60531
0.490816
0.658693
0.743299
0.77698
0.556631
0.453123
0.579767
0.494852
0.49392
1.30363
0.322155
0.366253
0.575913
0.385464
0.457681
0.393609
0.388683
1.31487
0.490277
0.492071
0.668995
0.369033
0.746209
0.871153
0.831471
0.399467
0.350306
0.333
0.56032
0.298782
1.27154
0.496486
0.34112
0.423488
0.354796
0.572279
1.55676
0.316351
0.431105
1.01925
0.725314
0.391262
0.334759
0.287744
0.314367
0.497617
1.67785
0.352454
0.494568
0.492637
0.364944
0.334383
0.561581
0.497475
0.318611
0.435833
0.494968
0.385378
0.501348
0.761097
0.66471
0.494588
2.77415
0.346903
0.689982
0.653589
1.31181
0.303121
0.321712
0.321238
0.798502
0.84523
0.360779
0.587068
0.312237
0.345338
0.356078
0.310835
1.42926
0.989745
0.492389
0.378944
0.363184
0.68264
0.473271
0.586824
0.439621
0.313588
1.36594
0.34543
0.423936
0.663531
0.507868
0.362148
0.327914
0.342286
0.445301
0.300991
0.499125
0.303227
0.312919
0.296318
0.545859
0.628172
0.50402
0.517907
0.377788
0.49437
0.5008
1.16638
0.915284
0.653407
0.803256
0.480836
0.525528
0.315638
0.493744
0.867032
0.501615
0.550122
0.354058
0.79256
1.06611
0.362718
0.872709
0.409344
0.432977
1.08198
0.49592
0.449333
0.428206
0.38386
0.326744
0.621103
0.469661
0.657421
0.465981
0.451522
0.496694
0.377912
0.30663
0.311417
0.841739
0.479684
0.421909
0.429195
1.39834
0.498204
0.410133
0.627205
0.392217
0.73936
0.875184
0.501633
0.348019
0.369169
0.532923
0.503213
0.514451
0.381617
0.456009
0.472153
0.540336
0.299885
0.308837
0.366959
0.304775
0.425312
0.751457
0.29463
1.05559
0.492989
0.412129
0.400079
0.310707
0.497371
0.962848
0.360803
0.41359
0.511967
0.286073
0.456089
0.482095
0.328441
0.345503
0.888558
0.706818
0.887806
0.444521
0.680011
0.314313
0.370948
0.321589
0.525113
0.389768
0.300834
0.426674
0.712945
1.00417
0.447022
0.587942
0.335761
0.49592
0.3032
0.316171
0.494946
0.334905
0.752027
0.503118
0.306977
0.477302
2.22321
0.493795
0.53117
0.292844
0.477343
0.328749
0.577962
0.387501
0.369558
0.498327
0.420051
0.355332
0.699042
0.414613
0.498946
0.442966
0.280989
0.390612
0.716097
0.502521
0.336206
0.44899
1.13718
0.499125
0.494772
0.335098
0.300946
0.474334
0.283402
0.32434
0.497939
0.3151
0.284637
0.376704
0.303175
0.495991
0.480441
0.824231
0.580828
0.617726
0.497887
0.399461
0.570577
1.51601
0.349287
0.815781
0.524524
0.31067
0.959641
0.334753
0.331232
0.323224
0.366396
0.495118
0.890447
0.308499
0.290387
0.495354
0.318651
0.61221
0.410811
0.403487
0.501376
0.316493
0.36645
0.382642
0.390371
0.496043
0.32747
0.348547
0.472934
0.494514
0.945822
0.358602
0.790747
1.06724
0.807222
1.48476
0.291849
0.370079
0.505752
0.342864
0.585734
0.84381
0.472537
0.282347
0.644604
1.14861
0.655149
0.445346
0.520185
0.496958
1.21916
1.37871
0.309802
0.325851
0.440184
0.421226
0.34591
0.327356
0.355377
0.730458
0.406912
0.434842
1.22332
0.770393
1.50722
0.837666
0.292994
0.283946
0.341666
0.366766
0.301791
0.295916
0.504213
0.809632
0.432096
0.312311
0.70745
0.508308
0.355051
0.30519
0.412018
0.524873
0.396315
0.342451
0.676797
0.493175
0.42631
0.677597
1.39763
0.317555
0.740223
1.054
1.84762
0.509531
0.456463
0.376666
0.56534
0.288283
0.307756
0.795883
0.442653
0.289686
0.578275
0.608548
0.354585
0.303136
0.372615
0.520574
0.701707
0.627494
0.401486
0.702114
0.583867
0.475266
0.373494
1.0056
0.312667
0.419888
0.726023
0.712487
0.463754
0.310804
0.312825
0.312711
0.491131
0.691688
0.971724
0.499916
0.375047
0.498379
0.662185
0.6547
0.377376
0.304676
0.28867
0.748021
0.503317
0.37047
0.894874
0.35554
0.767296
0.40701
0.308693
0.322502
0.496158
0.504863
0.350433
0.765772
0.315661
0.388985
0.547897
0.587866
0.482409
0.641767
0.690641
0.475835
0.624044
0.670509
0.496715
0.489154
0.875721
0.317192
0.316003
0.445653
0.620342
0.377995
0.496597
0.507624
0.905974
0.494961
0.496265
0.369816
0.339429
0.496034
0.801213
0.794226
1.36638
0.494817
0.549564
0.712987
0.341866
0.290816
0.32137
1.06243
0.327289
0.5013
0.826966
0.80711
0.379146
0.585575
0.315439
0.415705
0.627887
0.305476
0.699434
0.616772
1.00498
0.60182
0.344008
0.501097
0.334679
0.42273
1.01637
0.912881
0.841356
1.09384
0.420162
0.541051
0.510405
0.882768
0.29722
0.36916
0.289048
0.312545
0.327203
0.420294
0.475314
0.326352
0.494857
0.496127
0.294106
0.310592
0.356385
0.313957
0.387279
0.504569
0.948297
0.321897
0.873962
1.36951
0.4912
0.355039
0.337792
0.381795
0.349815
0.81201
0.746776
0.333901
0.319986
0.678561
0.829043
0.351785
0.491203
0.685161
0.333114
0.40652
0.321828
1.02194
0.287219
0.343158
0.729073
0.293645
0.427946
0.34613
0.472319
0.662823
0.563394
0.496734
0.516862
0.461319
0.460084
0.357069
0.637723
0.72597
0.384935
0.66771
0.305603
0.408211
0.323808
0.499289
1.36624
0.561694
0.496751
0.493977
1.01063
0.827564
0.380561
0.281782
0.476919
0.301443
0.499672
0.766233
0.376752
0.487843
0.435494
0.381026
1.23029
1.33583
0.47081
0.353059
0.491536
0.282824
0.311295
0.378291
0.401458
0.491652
0.310855
0.500064
0.709191
1.70311
0.380364
0.637437
0.497541
0.446897
1.33526
0.470933
0.489912
0.502273
0.688631
0.380995
0.308471
0.682565
0.332446
0.69318
2.04524
1.13481
0.529789
0.840146
0.704906
0.863511
0.736386
1.11665
1.09054
1.40237
0.322786
0.331244
0.351631
0.29899
0.712073
0.331799
0.366879
0.802361
0.542455
0.414398
0.329159
1.5745
0.481524
0.619773
0.745782
0.386594
0.382358
0.713159
0.554302
0.322275
1.45807
0.330785
0.302194
0.729968
0.310417
0.499855
0.31229
0.827112
1.44595
0.336276
0.291508
0.500078
0.522113
0.490913
0.500904
0.419347
0.430627
0.353496
0.323056
0.771352
0.497083
1.85897
0.825196
0.515359
1.5402
0.625946
1.72402
0.328586
0.744805
0.360574
1.11527
0.337501
0.34127
0.405622
0.646622
0.978633
0.376322
0.525084
0.354059
0.315545
0.647909
0.484578
0.663928
0.378694
0.485252
0.457729
0.327195
0.49463
0.497867
0.300427
0.352362
0.300192
0.497664
1.23792
0.343865
0.32548
0.420806
1.088
0.308757
0.281351
0.570057
1.42939
0.547344
0.81868
0.431035
0.394399
0.506986
0.330811
0.308744
0.511561
0.49914
0.493608
1.12325
0.494904
0.498589
0.494735
0.518612
0.820331
0.385643
0.497312
0.54469
1.351
0.328069
0.392721
0.306202
0.500103
0.311793
0.385119
0.355346
0.386757
0.549525
0.480751
0.408053
0.323283
0.494201
0.890276
1.66674
0.407999
1.51154
0.319655
0.372971
0.296796
0.372321
0.493687
0.301056
0.496209
0.463631
0.473762
0.675039
0.468345
0.301749
0.570317
0.493113
0.44348
0.548937
0.567294
0.466819
0.671424
0.329402
0.49224
0.279173
0.642202
0.356722
0.32606
1.07554
0.338978
0.34353
0.496043
0.65056
0.377381
0.539253
0.338762
0.285244
0.869922
0.4939
0.495627
0.601437
0.47167
0.439378
0.496514
0.444425
0.407757
0.50261
1.20387
1.31613
0.49818
0.774533
0.973366
1.05474
0.793029
0.310513
0.562406
0.313089
0.367021
0.351255
0.344712
0.518816
0.364133
0.498041
0.486789
0.82242
0.496888
0.311011
0.353709
0.341553
0.567953
0.343366
0.35361
0.290088
0.486532
0.491671
0.327122
0.36347
0.327904
0.49397
0.658653
0.811805
0.310273
0.396848
0.497558
0.283306
0.434698
0.876596
0.789906
0.433497
0.50549
0.295059
0.396482
0.409235
0.420716
0.965416
0.499281
1.33337
0.459525
0.471301
0.657686
1.15609
0.70578
0.328191
0.434749
0.950426
0.419477
0.615488
0.357656
0.287589
0.501677
0.478301
0.581819
0.34619
0.342395
0.326139
0.323658
0.583107
0.647442
0.546672
0.97728
0.328949
0.304509
0.333598
0.317847
1.00632
0.331833
0.321323
0.620755
0.485404
0.426188
0.899769
0.418449
0.473538
0.548206
0.578512
0.914411
1.25823
0.437741
0.644774
0.831171
0.406083
0.548905
0.286282
0.543123
0.319063
0.293434
0.341781
0.329246
0.497391
0.304704
0.514541
0.323905
1.2255
0.360669
0.498451
0.387467
0.308412
0.894518
0.807022
0.498541
0.73039
0.627367
0.432796
0.525617
0.499185
0.845441
0.497085
0.503253
0.514448
0.694091
2.01137
0.499896
0.519011
0.460144
0.542302
1.0462
1.36011
0.510821
0.345563
0.374839
0.495438
0.417737
0.783978
0.572766
0.311168
0.318011
0.29165
0.345532
0.558284
0.388728
0.29673
0.334527
0.50594
0.502612
0.497705
0.327462
0.335353
0.285228
0.495502
0.293948
0.496703
0.323526
0.354426
0.476065
0.293992
0.324179
0.381733
1.19765
2.15217
0.507335
0.323225
0.498877
0.475561
0.487591
0.397972
1.03596
0.396994
0.732723
1.01278
0.411968
0.688448
0.503888
0.488809
0.593811
0.456522
0.280014
0.469458
0.747996
1.2341
0.510761
1.16809
0.445787
0.397248
0.980692
0.283517
0.787746
0.307052
0.351584
0.457486
0.648885
0.451866
0.655642
0.634851
0.338847
0.321765
0.501067
0.397717
0.498871
0.454217
0.877492
1.21219
0.501403
0.668671
0.495086
0.35288
0.440858
0.3619
0.415647
0.385342
0.469536
0.461813
0.331477
0.40906
0.5722
0.347169
0.843143
0.349173
0.353331
0.311346
1.67632
0.593826
0.483509
2.28332
1.00875
0.647615
0.499234
0.975965
0.738772
0.55844
0.999672
0.500277
0.315256
0.465787
0.501235
0.839484
0.584242
0.751799
0.804106
0.445827
0.979529
0.35304
0.401599
0.342086
0.469393
0.543617
0.305868
0.90291
0.323911
0.468697
0.479058
0.586843
0.399463
0.516018
0.582609
0.754749
0.776294
0.409825
0.301155
0.759903
0.371558
0.714422
0.456208
0.282245
0.77623
0.495711
0.502354
0.478366
0.503423
0.329699
0.310744
0.706298
0.853692
0.312383
0.706551
0.418257
1.61995
0.483767
0.841849
0.372364
0.632365
0.499939
0.498943
0.984417
0.355097
0.412082
0.664058
0.290798
0.361139
0.377262
0.782249
0.499392
0.470186
0.498373
0.515545
1.32059
0.385003
0.376921
0.795517
1.078
1.99885
0.525321
0.503498
0.708802
0.922032
0.390854
0.429979
0.395903
0.47269
0.34455
0.471191
0.329392
0.503489
0.394736
0.36142
1.07117
1.74625
0.589589
0.668197
0.865971
0.301317
0.454749
0.419464
0.547388
0.353261
0.282489
0.286729
0.495652
0.786843
0.351406
0.34085
0.89247
0.368675
0.362314
0.344825
0.354276
1.24498
0.686311
1.35073
0.460461
0.474051
0.761397
0.30049
0.348102
0.890606
0.363571
0.735559
0.377405
0.487319
0.518189
0.414084
0.325414
1.15923
0.656734
0.416022
0.452089
0.461481
0.521925
0.636772
0.296095
0.30455
0.300728
0.497399
1.12696
0.565286
1.07811
0.438284
0.516994
0.323576
0.333845
0.638717
0.463773
0.34293
0.300451
0.333263
