0.522118
1.35683
1.6536
0.691364
0.286588
0.294197
0.459264
0.986905
0.302527
0.478231
0.493349
0.496759
0.500709
0.43665
1.49199
0.409524
0.31562
0.459511
0.51419
1.05765
0.397981
0.320033
0.279933
0.508507
0.817691
0.418485
0.379615
0.302388
0.496998
0.551863
0.298675
0.631835
0.383956
0.386875
0.299508
0.424757
0.998854
0.279886
0.455734
0.681884
0.294162
0.281286
0.355967
0.551888
0.497685
0.509742
0.457222
0.416766
0.376743
0.323493
0.493236
0.313497
1.31406
0.307383
0.32161
0.328296
0.29751
0.293424
0.738703
0.294898
0.991132
0.775777
0.297077
0.500137
0.492274
0.558563
0.352336
0.287372
0.387112
0.379275
0.417494
0.497102
0.322154
0.28249
0.355392
0.29504
0.348817
0.44494
0.662064
0.279927
0.334828
0.353468
0.280929
0.316601
0.501457
0.452216
1.02318
0.484159
0.864816
1.17826
0.496786
0.387884
0.281086
0.301643
0.503251
0.406943
0.495907
0.282969
0.307214
0.286784
0.412276
0.280999
0.293606
0.498732
0.501328
0.304453
0.512496
0.34854
0.481086
0.28515
0.307648
0.503332
0.327107
0.494563
0.431674
0.397939
0.292045
0.495649
0.494333
0.805531
0.279157
0.495253
0.659146
0.949612
0.473788
0.329779
0.285675
0.490901
0.49694
0.364422
0.385325
0.50257
0.287733
0.656587
0.29703
0.698054
0.286124
0.315508
0.296929
0.327021
0.499011
0.325876
0.356346
0.334223
1.57237
0.395522
0.49955
0.679162
0.50126
0.496892
1.39261
0.346718
0.42518
0.364859
0.288262
0.900759
0.301712
0.497832
0.498699
0.507798
1.20654
0.54693
0.303491
0.31109
0.502119
0.495838
0.471855
0.312053
0.443878
0.474666
0.308263
0.498583
0.497554
0.305066
0.475025
0.287865
0.846689
0.483793
0.289344
0.317226
0.494551
0.360126
0.377962
0.286444
0.322863
0.338395
0.50196
1.55385
1.42594
0.374595
0.309898
0.552276
0.352159
0.387079
0.506364
0.32446
0.391957
0.661832
0.319886
1.55026
0.288297
0.308754
0.388739
0.498994
0.34227
0.322476
0.555651
0.512486
0.339346
0.30881
0.293227
0.289344
0.286549
0.749971
0.443117
0.498385
0.492689
0.322318
0.681126
0.293057
0.292863
0.412678
0.562291
0.317998
0.307097
0.298654
1.11927
0.427784
0.404023
1.22649
0.956863
1.48303
0.478726
0.329617
0.363628
0.489557
0.317699
0.558602
0.288209
0.496468
0.279533
0.920776
0.298019
0.313048
0.27959
0.397651
0.543388
1.10546
1.28327
0.345726
0.468259
0.39604
0.48172
0.646197
0.362087
0.410813
0.346132
0.926137
0.343647
0.30472
0.345897
0.342788
0.438979
0.501679
0.43941
0.279819
0.376717
0.346456
0.28986
0.497063
0.282034
0.381073
0.472925
0.387615
0.519392
0.558419
0.500828
0.400523
0.362831
0.282695
0.279884
0.337146
0.386259
0.491173
0.281661
0.280955
0.279909
0.480978
0.484393
0.336354
0.498586
0.49872
0.306807
0.304111
0.340665
0.298774
0.354341
0.296702
0.498853
0.518419
0.279514
0.293635
0.290067
0.333887
0.942614
0.485429
1.8707
0.745753
0.487081
0.284605
0.425996
1.71379
0.409385
0.501857
0.491616
1.01947
0.308631
0.330531
0.505238
0.37598
0.36822
0.494408
0.495488
0.29667
0.315596
0.281136
0.303119
0.298127
0.33487
0.309028
0.289299
0.385933
1.14789
0.320007
0.531704
0.291104
0.321971
0.574348
0.297692
0.307089
0.495727
0.832285
0.328924
0.381534
0.506999
0.503919
0.502584
0.414179
0.50893
0.995986
0.402315
0.324867
0.332689
0.287399
0.282934
0.386943
0.595074
0.329714
0.475594
0.490849
0.384811
0.309268
0.285216
0.448831
0.346974
0.284763
0.500501
0.334443
0.424702
0.303431
0.281054
0.297059
0.290555
0.315559
0.293258
1.18303
0.27959
0.489071
0.328481
0.563653
0.306063
0.362791
0.344628
0.941146
0.499063
0.819195
0.551792
0.513182
0.375325
0.316264
0.490196
0.283674
1.05364
0.491217
0.322749
1.11096
0.443299
0.371325
0.431532
0.962026
0.450872
0.508203
1.03192
0.505574
0.764252
0.410156
0.670618
0.455294
0.792942
0.482275
1.15048
0.302074
0.49968
0.360211
0.504142
1.30416
0.495458
0.302755
0.295362
0.305526
0.295167
0.834001
0.505998
0.310249
0.287976
0.548669
0.283403
0.28875
0.288242
0.302528
0.425563
0.312767
0.282916
0.427799
2.01149
0.827923
0.420566
0.296394
0.462297
0.345534
0.522163
0.307564
0.496792
0.862159
0.456418
0.504237
0.325349
0.282318
0.280622
0.501486
0.537046
0.44826
0.279452
2.77786
0.510167
0.495095
0.54898
1.82072
0.497968
0.398979
0.561309
0.506608
0.430409
0.485754
0.498507
0.287659
0.497072
0.293754
0.324146
0.499161
1.92389
0.567145
1.03342
0.286859
0.28888
0.492096
0.371707
0.500321
0.779257
0.493454
0.444347
0.497921
0.505289
0.495588
0.361838
0.373873
0.312764
0.497929
0.478291
0.416188
0.534004
0.531648
1.91832
0.314766
0.412895
0.280976
0.283256
1.62758
0.308271
0.279722
0.298102
0.354708
0.280655
0.345375
0.285422
0.285124
0.279181
0.336701
0.44684
0.531478
0.49456
0.394955
0.297478
0.304031
0.506781
0.284749
0.413593
0.478388
0.281443
0.497049
0.286092
0.398624
0.493974
0.511833
0.287978
0.463629
0.839889
0.399164
0.50084
0.328185
0.366158
0.497159
0.486654
0.312259
0.325174
0.781524
0.279947
0.318945
0.896544
0.280432
0.341888
0.32192
0.28196
0.422866
0.284388
0.550131
0.484495
1.31749
0.51529
0.909041
0.281346
0.441548
0.439736
0.355212
0.358361
1.25524
1.225
0.442017
0.633526
0.363797
0.836696
0.462149
0.499514
0.352725
0.499489
0.322262
0.302036
0.292588
0.900818
0.28405
0.438272
0.299753
0.347793
0.299474
0.284782
0.279942
0.634183
0.365175
0.298237
0.350083
0.989675
0.493303
0.302265
0.284006
0.348284
0.501461
0.279921
0.304087
0.301489
0.281297
0.342876
0.530186
0.431677
0.284108
0.310806
0.782264
1.10806
0.506954
0.406782
0.392807
1.49452
0.355447
0.504718
0.500286
0.307531
0.385131
0.53529
0.540826
0.296508
0.281676
0.29364
0.286079
0.314208
0.294211
0.312566
0.442235
0.486059
0.500501
0.493336
0.306716
0.312608
0.327283
0.423867
1.02941
1.48815
0.975836
1.45232
0.347819
0.301049
0.346634
0.290333
0.280904
0.504039
0.435853
0.542541
0.757701
0.55282
0.582183
1.04189
0.334599
0.374535
0.427233
0.414487
0.463183
0.545067
0.426369
1.14502
0.885354
0.292363
0.496937
0.296699
0.500454
0.497887
0.288371
0.366111
0.443074
0.333644
0.282051
0.347916
0.507851
0.414977
0.656769
2.0453
0.92834
0.568541
0.701846
0.705631
0.293551
0.295264
0.309213
0.400792
0.803014
0.281418
0.374406
0.971326
0.420517
0.318564
1.30082
0.990969
2.12826
0.325198
0.446658
0.420961
0.40323
1.14215
0.356612
0.341855
0.382845
0.493468
0.344926
1.37787
0.287538
0.296411
0.505582
0.495831
0.279445
0.499945
0.603744
0.284212
0.534496
0.567788
0.282812
0.382831
3.34507
0.499732
1.03045
0.399862
0.283503
0.405253
0.37817
0.282111
0.310816
1.18047
0.498167
0.31877
0.458202
0.375898
0.498308
0.287519
0.381392
0.624515
1.23235
0.69481
0.305068
0.431245
0.351702
0.835572
0.468059
0.60496
0.433645
0.760491
0.504876
0.34701
0.513343
0.378435
0.297973
0.496167
0.284001
0.497347
0.28566
0.501794
0.389963
0.28113
0.279684
0.398616
0.444442
0.432847
0.389975
0.434748
1.33829
0.341037
0.471508
0.944966
1.65077
0.453032
0.424644
0.485103
0.572202
0.634133
0.349575
0.491196
0.298284
0.458054
0.473151
0.690573
1.25251
0.447325
0.282696
0.370205
0.289081
0.435624
0.360377
0.286452
0.495603
0.447897
0.344423
0.493479
0.283977
0.279178
0.501856
0.488374
0.565624
0.362488
0.282199
0.290417
0.500043
0.376018
0.428131
0.814516
0.489334
0.499163
0.963363
0.417318
0.328903
0.293936
0.415536
0.991465
0.472485
0.346307
0.27962
0.462857
0.378794
0.50776
0.505337
0.316971
0.40332
0.42871
0.47172
1.29862
0.495691
0.483362
0.392072
0.503611
0.42974
0.494806
0.505834
0.43126
0.495324
0.781577
0.294244
0.286419
0.333191
0.281483
0.489849
0.290329
0.299485
0.279817
0.435701
0.512286
0.412724
0.330774
0.895165
0.396885
0.288251
0.31776
0.305212
1.11894
0.373106
0.282391
0.280301
0.282333
0.617854
0.491038
0.973178
0.315454
0.390477
0.359127
0.587878
0.287432
0.295861
0.293921
0.288965
0.459588
1.14271
0.46895
0.3213
0.352439
0.480383
0.280667
0.280628
0.502778
0.503432
0.493606
0.496657
1.27138
0.374444
0.752413
0.505344
0.284794
0.49242
0.282836
0.503704
0.496281
0.932499
0.332592
0.301584
0.317555
0.476546
1.29113
1.25462
0.327037
0.41155
0.350862
0.284342
0.491076
0.279528
0.28512
0.305384
0.288442
0.440822
0.334869
0.387197
0.423978
0.5013
0.339967
0.307986
0.304954
0.408572
0.571051
0.844862
0.435011
0.349466
0.323147
0.945297
0.372429
0.327532
0.518758
0.592661
0.853517
0.536097
0.396584
0.582258
0.747617
0.371436
0.430161
0.896731
0.503276
0.281474
0.281695
0.69091
0.494053
0.495543
0.340225
0.359493
0.290808
0.492587
0.409409
0.302125
0.390249
0.436255
0.29222
0.499918
0.33055
0.37337
0.485707
0.450388
0.575533
0.281017
0.281735
0.293018
0.481129
0.397844
0.471444
0.493552
0.311843
0.34293
0.40307
0.581806
0.291719
0.283043
0.281248
0.500337
0.496296
0.396143
0.50883
0.3734
0.493328
0.716524
0.687808
0.298354
0.612185
0.863412
0.633097
0.345894
0.458415
0.424498
0.497052
0.487231
0.398299
0.414755
0.308822
0.486437
0.799367
0.714252
0.500989
0.497129
0.331785
0.502548
0.332529
0.320594
2.09918
0.495657
0.500109
0.488666
0.607902
0.505006
0.279437
0.343375
0.470761
0.496974
0.470418
0.532367
0.279471
0.470594
0.282305
0.449963
1.31985
0.559014
0.410254
0.290336
0.492632
1.11011
0.901897
0.714039
0.645519
0.978651
1.1475
1.18258
0.466644
0.503179
0.361282
0.499158
0.401061
0.288906
0.76745
0.493122
0.2949
0.451641
0.292486
0.352266
0.369919
0.328614
0.279142
0.31652
0.314472
0.282444
0.286303
0.299859
0.535038
1.29832
0.502227
0.350411
0.930692
0.320254
0.282741
0.283769
0.382
0.426223
0.493814
0.28471
0.280212
0.287114
0.536176
0.497098
0.299395
0.290326
0.285356
0.510091
0.283522
0.280468
0.349186
0.509409
0.46206
0.400379
0.462725
0.515558
0.732771
0.502232
0.304611
0.830045
0.28242
0.543481
0.400559
0.438847
0.503561
0.360353
0.490461
0.917943
0.317319
0.2894
0.494281
0.288262
0.279442
0.528394
0.697333
0.292592
0.908568
0.375827
0.396344
0.356554
0.285801
0.493154
0.325255
0.633379
0.313095
0.447704
0.34793
0.992479
0.388238
0.509455
0.498168
2.22891
0.501213
0.284538
0.553078
0.527212
0.762579
0.536167
0.280307
0.512941
0.494655
0.294499
0.497432
0.430327
1.10499
0.491798
1.22572
0.794304
0.484823
0.294249
0.552647
0.328886
0.293124
0.280198
1.02872
0.424507
0.49056
0.293449
0.358055
0.375354
0.295324
0.350218
0.461204
0.649118
0.403164
0.496414
0.29513
0.331958
0.583749
0.876633
0.492015
0.435204
0.744392
0.303363
0.424513
1.09356
0.535301
0.393407
0.297243
0.288299
0.488373
0.68758
0.61398
0.587354
0.495418
0.493685
0.4593
0.880146
0.286024
0.498483
0.48425
0.279193
0.318021
0.496563
0.311569
0.373882
0.297841
0.328043
0.502895
0.346968
0.284748
0.28354
0.464344
0.375086
0.486173
3.08834
0.330081
0.651381
0.848223
0.775895
0.797616
0.486395
0.494176
0.349743
0.341838
0.764228
0.498924
0.638813
0.420974
0.311866
0.280812
0.493529
0.33741
0.494655
0.458071
0.372024
0.365582
0.303865
0.292806
0.279485
0.348791
0.282274
0.322301
0.28566
0.290238
0.504143
0.364801
0.510417
0.729043
0.326772
0.279715
0.330842
0.309378
0.283
0.495458
0.282744
0.967338
0.281999
0.362056
0.674649
0.282277
0.287701
0.703443
0.739489
0.470356
0.503035
0.53279
1.01318
0.943272
0.28508
0.498939
0.335757
0.502896
0.311488
0.283668
0.282308
0.498721
0.332047
0.342638
0.33247
0.745029
0.495304
0.295214
0.290959
0.327777
0.318153
0.352428
0.281786
0.288785
0.292385
0.296625
0.499121
0.499684
0.297104
0.352858
0.532341
0.33535
0.291301
0.3099
0.436268
0.292443
0.292011
0.764225
0.838003
0.30104
0.381994
0.511714
0.359443
0.512921
0.324542
0.518429
0.524689
0.297065
0.281763
0.365243
0.419925
0.502308
0.324006
0.613184
0.289746
0.359449
0.829718
0.355752
0.348229
0.328912
0.586468
0.869184
0.306
0.291778
0.311362
0.490537
0.43102
0.289698
0.360248
0.306492
0.288492
0.333856
0.588637
0.337226
0.328717
0.497982
0.513747
0.316258
0.409317
0.46304
0.612068
0.494056
0.349543
0.794215
0.439775
0.451581
0.341267
0.559181
1.49783
0.292659
0.280201
0.279145
0.716178
0.366042
0.305449
0.457775
0.284755
0.320113
0.501048
0.500467
0.323557
0.305435
0.358042
0.619261
0.514038
0.491475
0.280804
0.489453
0.495329
0.287629
0.368629
0.31874
0.48466
0.64181
0.283145
0.338014
0.279399
0.731561
0.39351
0.365765
0.28528
0.282339
0.506072
0.338108
0.496823
0.492961
0.334517
0.289606
0.3326
0.292209
0.298067
0.500452
0.363949
0.493583
0.540747
0.295892
0.303481
0.28498
0.496054
0.309856
0.416176
0.283863
0.498596
0.292281
0.501135
0.279492
0.294556
0.322635
0.284847
0.316286
0.279339
0.617745
0.490061
0.363736
0.404708
0.46752
1.52617
0.718126
0.639978
0.509908
1.21106
0.314756
0.882927
0.528768
0.482074
0.315141
1.11118
0.494495
0.348716
0.285872
0.315548
0.479364
0.502501
0.283085
0.329651
0.285041
0.417406
0.891842
0.307802
0.340132
0.510085
0.626124
0.428691
0.495742
0.296744
0.363141
0.349737
0.507424
0.329469
0.31007
0.502367
0.415162
0.401287
0.498169
0.296775
0.562029
0.492322
0.591833
0.562715
0.323684
0.54607
0.571276
0.458668
0.704574
0.764173
0.433938
0.895154
0.484662
0.289361
0.49713
0.714496
0.530512
0.280181
0.435671
0.498024
0.481832
0.286554
0.279568
0.280304
0.281124
0.495595
0.45817
0.370132
0.512663
0.373364
0.624738
0.317797
0.386622
0.359906
0.49982
0.511416
0.691601
0.302853
0.279277
0.593768
0.289209
0.281804
0.496492
0.338956
0.38825
0.707154
0.507529
0.381278
0.45427
0.89307
0.486714
0.391926
0.340459
0.327524
0.318165
0.617466
0.587608
1.63396
0.320544
0.72076
0.380228
0.650194
0.675642
0.507532
0.429443
0.662869
0.355053
1.06799
0.498557
0.414803
0.479013
0.502376
0.323061
0.316548
0.359115
0.293975
0.498996
0.332151
0.360321
0.502468
0.350508
1.28775
0.337795
0.504555
0.282697
0.823113
0.335166
0.321826
0.75085
0.478198
0.388316
0.499479
0.487223
0.496881
0.408816
0.475204
0.438744
0.93388
0.280016
0.291667
0.503105
0.490585
0.285014
0.500793
0.491452
0.281365
0.510955
0.5077
0.449132
0.650247
0.980956
0.330935
0.63759
0.554441
0.680519
0.686731
0.314661
0.340819
0.954934
0.386227
0.489267
0.409068
0.509593
0.610651
0.293939
0.303453
0.49583
0.500788
0.491911
0.532508
0.302529
0.298784
0.365474
0.494471
0.330381
0.604184
0.319563
0.392732
0.310206
0.501865
0.284092
0.28804
0.481668
0.318204
0.977384
0.91214
1.31449
0.372865
0.294215
0.942313
0.720054
0.515025
0.407281
0.510492
0.463706
0.286843
0.494731
0.291952
0.587529
0.319672
0.279844
0.498747
0.439325
0.663619
0.496908
1.74272
0.289352
0.869807
1.29797
0.867272
0.351168
0.309651
0.345257
0.287635
0.499037
0.54705
0.496421
0.470213
0.499474
2.23271
0.61072
0.416663
0.288501
0.495654
0.286166
0.304819
0.311925
0.314724
0.368347
1.16988
0.483686
0.28141
0.280819
0.285832
0.531467
0.284229
0.329969
0.495297
0.285317
0.493245
0.468682
0.499269
0.784348
0.287171
0.280149
0.341913
0.293583
0.28419
0.279868
0.282239
0.284713
0.613248
0.374817
0.460691
0.441872
0.999799
0.401831
2.60665
0.493992
0.798023
0.304717
0.660978
0.3642
0.418019
0.835377
1.54591
0.293837
0.492744
0.779497
0.282606
0.481705
0.295718
0.453051
0.283425
0.355228
0.340102
0.495922
0.789968
0.492214
0.454178
0.303934
0.914637
0.282251
0.371577
0.649639
1.24
0.508178
0.32612
0.5052
0.526312
0.494549
1.11305
0.550812
0.744257
0.321701
0.367408
0.303304
0.497182
0.757269
0.521526
0.324734
0.49259
0.40336
0.319275
0.295056
0.621442
0.494603
0.310059
0.43063
0.492581
0.505825
0.295806
0.847107
0.49781
0.373972
1.19807
0.666151
0.901697
0.998103
0.903866
1.74276
0.581359
0.503757
0.496625
0.391238
0.500165
0.288966
0.476852
0.446044
0.297725
1.0612
0.280739
0.467895
0.445712
0.58624
0.498381
0.420661
0.284914
0.308203
0.396386
0.303083
0.285106
0.284516
0.388767
0.357063
0.423153
0.480881
0.302766
0.328497
0.512539
0.495498
0.648713
0.548468
0.485102
0.363954
0.330416
0.998733
0.553358
0.963739
0.483435
0.531504
0.458661
0.492965
0.283438
0.313518
0.462058
0.302996
0.312155
0.285769
0.47193
0.308371
0.88972
0.394218
0.329106
0.316903
0.673241
0.281469
0.338862
0.375993
0.493134
0.299065
0.541897
0.312652
0.306922
1.27269
0.571495
1.16391
1.35514
0.52926
0.294215
0.666525
0.530268
0.552645
1.16655
0.656829
0.394365
0.535595
0.544989
0.794227
0.365348
0.282231
0.69104
0.488048
0.989235
0.4598
0.495655
0.4886
0.506642
0.541746
0.465401
0.500606
0.363772
0.287403
0.299936
0.315422
0.331561
0.33174
0.296857
0.299555
0.394428
0.283881
0.412976
0.453763
0.93022
0.933963
0.424447
0.289184
0.790247
0.409431
0.282711
0.494198
0.404341
0.506941
0.751366
0.532643
1.36313
0.620334
0.631896
0.328322
0.429851
0.495609
0.452976
0.388972
0.44831
0.29005
0.700653
0.497195
0.389823
0.27915
0.285684
0.311396
0.300236
0.35087
0.351436
0.576551
0.496095
0.318339
0.501957
0.279967
0.298045
0.280637
0.332937
0.521746
0.290693
0.987749
0.882712
0.420473
0.290527
0.851003
0.328205
0.354294
0.390122
0.438254
0.280919
0.385733
0.28109
0.59746
0.317307
0.412226
0.719591
0.404955
0.497268
0.538951
0.300935
0.398494
0.405463
1.25961
0.301986
0.288886
0.291612
0.320585
0.584513
0.498907
0.320211
0.357086
0.304254
0.341691
0.292028
0.282433
0.287767
0.285148
0.496844
0.297002
0.309609
0.499106
0.322052
0.497985
0.43471
0.305857
0.301663
0.463311
1.41272
0.362769
0.384513
0.494762
0.288633
0.306637
0.380966
0.299302
0.299149
0.316855
0.30568
0.54009
0.546641
0.938568
0.591438
0.301303
0.301746
0.400898
0.398506
0.584116
0.504961
1.37915
0.379037
0.392212
0.779609
0.434725
0.403263
0.725132
0.420401
0.43437
0.376804
0.575116
0.377285
0.385553
0.473454
0.50036
0.499886
0.45122
0.486069
0.498685
0.280394
0.321614
0.494975
0.367324
0.493334
0.389613
0.392907
0.49754
0.494457
0.31792
0.49822
0.495954
0.31035
0.305272
0.857487
0.306281
0.306145
0.425605
0.497495
0.493867
1.28078
0.49286
0.31912
1.32016
0.778982
0.753128
0.288833
0.408871
0.357008
0.472084
0.331904
0.579372
0.285635
0.370487
0.426646
0.495585
0.946277
0.49425
1.06706
0.528107
0.51041
0.348443
0.319019
0.321874
0.279944
0.332082
0.863957
0.299418
0.2794
0.296696
0.494048
0.37797
0.283852
0.531382
1.26551
0.426918
0.495714
0.326286
0.379387
0.534399
0.382055
0.287743
0.497516
0.417218
0.836393
0.366949
0.429028
0.382431
0.939964
0.440538
0.417531
0.536721
0.596414
0.412259
0.342078
0.499634
0.505677
0.498336
0.327292
0.293081
0.282213
0.307041
0.342017
0.283062
0.732664
0.295598
0.298275
0.279842
0.28467
0.603256
0.284328
0.821515
0.502699
0.398984
0.282517
0.528395
0.493132
0.283755
0.500187
0.299363
0.288562
0.350505
0.46563
0.498512
0.294095
0.498898
0.388166
0.488071
0.308281
0.493061
0.365597
0.495257
0.388163
0.281246
0.289914
0.406101
0.307125
0.307172
0.345001
0.525544
0.303797
0.297257
0.371398
0.288783
0.282098
0.300055
0.284433
0.4413
0.535393
0.398545
0.557587
0.454688
1.3798
0.294231
1.1342
0.721202
0.326521
0.73951
0.359413
0.305429
0.350732
0.319259
0.493591
0.350442
0.650108
0.446629
0.325448
0.280544
0.395539
0.490745
0.43867
0.498719
0.292521
1.16997
0.409201
1.24647
1.19295
0.691942
0.495209
0.501173
0.345032
0.387234
0.498539
0.2832
1.17045
0.514639
0.473484
0.716246
0.404553
0.369109
0.697218
0.473931
0.461592
0.78845
0.342135
0.3401
0.385202
0.302696
1.06922
0.299047
0.391444
0.537501
0.309736
0.477955
0.497171
2.35811
0.496986
0.432963
0.279151
0.280169
0.349743
1.17715
0.366811
0.622921
1.66723
0.530853
0.83171
0.333951
0.976234
0.40109
0.417232
0.49031
0.328105
0.338079
1.05361
1.01924
0.63922
0.876299
0.302257
1.0755
0.470214
0.379934
0.427681
0.285041
0.346506
0.409703
0.422482
0.286178
0.467771
0.497399
0.283856
0.37408
0.3579
0.29294
0.497844
0.279246
0.282142
0.295468
0.312641
0.282368
0.583682
0.356987
0.760138
0.503672
0.287334
0.843136
0.727048
1.11131
0.440406
1.53121
0.557996
0.560329
0.547231
0.471113
0.528618
0.523704
0.440102
0.535078
0.31825
0.326987
0.43669
0.287673
0.328964
0.310761
0.316604
0.494969
0.505074
0.369278
0.423957
0.472536
0.404227
0.282982
0.286604
0.280749
0.281229
0.28975
0.296667
0.493617
0.494343
1.55467
0.310225
0.431718
0.37654
0.289305
0.658407
2.00311
0.280443
0.346488
0.33165
0.405915
0.365506
0.284603
0.500186
0.492291
0.356049
0.460116
0.319204
0.377002
0.28211
0.279715
0.366589
0.394475
0.455817
0.503429
0.371119
0.342753
0.747904
0.660531
0.515944
0.614209
0.28692
0.65205
0.324047
0.625648
0.698052
0.42121
0.330687
0.317186
0.463493
0.466134
0.469425
0.294888
0.583439
0.303477
0.377257
0.286234
0.531009
0.526275
0.335677
0.657017
0.343093
1.56513
0.835501
0.498033
0.367192
0.599327
0.287812
0.330766
0.326814
0.493144
0.291934
0.311143
0.495972
0.296744
0.325297
0.500601
0.486062
0.337398
0.665817
0.283668
0.566966
0.871602
0.328838
0.303435
0.495663
0.280332
0.507327
0.497819
0.638153
0.519907
0.493066
1.11612
0.291271
0.489881
1.06103
0.557044
0.32255
0.28374
0.298331
0.329478
0.341722
0.349664
0.338801
0.400389
0.496137
0.289959
0.443372
0.299779
0.477227
1.31563
0.502683
0.583301
0.507667
0.848913
0.309828
0.307095
0.279797
0.290999
0.505585
0.497731
0.500593
0.437981
0.308091
0.279235
0.29498
0.495964
0.566888
0.28749
0.507225
0.458682
0.362022
0.338513
0.297765
0.399217
0.311706
1.39097
0.282764
0.370993
0.290873
0.497004
0.433465
0.326303
0.579443
0.279308
0.32628
0.405056
0.492738
0.406059
0.40553
0.679323
0.497149
0.29588
0.279683
0.414219
0.338397
0.321582
0.497987
0.284689
0.289132
0.816678
1.232
1.30275
0.50457
0.291122
0.805677
0.497098
0.499769
0.318219
0.549239
0.502014
0.474082
1.05364
0.295507
0.300261
0.451085
0.744443
0.292625
0.495995
0.281433
0.513308
0.293007
0.312879
1.00415
0.707802
0.521311
0.316823
1.82277
0.822919
0.49719
0.528403
0.503979
0.395206
0.365524
0.287103
0.40162
0.427955
0.456021
0.5765
0.296398
0.441122
0.946408
0.804842
0.462831
0.315729
0.408569
1.28265
0.490876
0.279218
1.20937
0.50107
0.359866
0.327335
0.287553
0.815166
0.33961
0.419898
0.326329
0.290914
0.302339
1.09313
0.554942
0.876855
0.305608
0.284588
0.352439
0.33359
0.37421
0.486589
0.294179
0.284641
0.279338
0.639685
0.36491
0.924762
0.285543
0.487964
0.337624
0.735416
1.7495
0.30975
0.599911
0.500651
0.506092
0.894657
0.449631
0.940476
0.38522
0.492832
0.498106
0.464841
0.422753
0.288789
0.347082
0.288245
0.293136
0.392145
0.498922
0.494839
0.308645
0.50532
0.491503
0.478974
0.307323
1.19024
0.597814
0.322541
0.58579
0.351205
0.435988
1.17525
0.289439
0.531585
0.494306
0.361919
0.286221
0.497266
0.898727
0.448201
0.38646
0.432287
0.475702
0.293349
0.287814
0.280686
0.501726
0.49592
0.49903
0.53064
0.281927
0.385396
0.283306
0.499937
0.286615
0.314708
0.298694
0.295312
0.636283
0.465923
0.477837
0.297012
0.283678
0.319964
1.32383
0.3456
1.11337
0.66422
0.347878
0.581843
0.288888
0.29584
0.279268
0.392847
0.498505
0.536447
0.629863
0.430399
0.495446
0.321587
0.365427
0.442301
0.449851
0.284839
0.452621
0.465375
0.28357
0.285671
0.366346
0.402035
0.285456
0.299993
0.390996
0.494211
0.282248
0.789121
0.33368
0.381596
0.781664
0.279717
0.449387
0.647299
0.521763
0.373597
0.935924
0.497615
0.497194
0.416339
0.356942
0.752572
0.296573
0.331334
0.35039
0.33136
0.432664
0.313907
0.280285
0.496738
0.365977
1.03913
0.883709
0.337845
0.342962
0.440955
0.837816
0.462404
0.490555
0.488074
0.497539
0.490724
0.494337
0.487777
0.513605
0.627608
0.470128
0.280756
0.421404
0.502955
0.591994
0.325001
0.509005
0.495144
0.546339
0.794075
0.284813
0.499054
0.489716
0.507967
0.285375
0.304268
0.500148
0.285737
0.752394
0.670266
0.316317
0.32643
0.281008
0.612125
0.497914
0.491993
0.405154
0.370778
0.482299
0.283061
0.417812
0.318709
2.34883
0.503432
0.304046
1.35555
0.571409
0.654446
0.528798
0.773581
0.817355
0.661578
0.488736
0.298505
0.316319
0.358495
0.355941
0.332177
0.435176
0.337682
0.619241
0.472514
0.280711
0.402637
0.415348
0.295573
0.280137
0.288494
0.358587
0.523329
0.458508
0.422908
0.315023
0.364894
0.325655
0.359426
0.303908
0.305325
0.282878
0.299473
0.308109
0.298094
0.30726
0.28257
0.566952
0.348252
0.416503
0.286865
1.19397
0.306793
0.282841
0.416546
0.516468
0.327117
0.2931
0.310257
0.487117
0.287805
1.24637
0.286583
1.04502
0.343444
0.291004
0.28477
0.400725
0.28011
0.412434
0.918607
1.24071
1.284
0.329235
0.284246
0.478331
0.877647
2.26637
0.304911
0.497227
0.395437
0.514163
0.39198
1.10756
0.50069
0.610015
0.957105
0.292037
0.498567
0.29181
0.292426
0.496393
0.28112
0.451573
0.286042
0.888638
0.467655
0.49846
0.56008
0.430649
0.747297
0.500589
0.369495
0.498761
0.472955
0.498177
0.321642
0.460756
1.37345
0.499103
0.29754
0.367401
0.476031
0.380591
0.489786
0.664399
0.359018
0.493816
0.363922
0.495017
0.281864
0.437084
0.332015
0.295272
0.952779
0.314246
0.837709
0.34512
0.559188
1.12803
0.406624
0.285356
0.291234
0.288287
0.496792
0.447501
0.317
0.610251
0.499554
0.334233
0.289105
0.293307
0.279877
0.305698
0.322332
0.420187
0.666976
0.355312
0.279333
0.500433
0.348499
0.509828
0.351498
0.282179
0.294103
0.295491
0.486908
0.279193
0.316888
0.299764
0.304392
0.370161
0.501107
0.317354
0.368837
0.38383
0.418007
0.336641
0.281822
0.415765
0.319461
0.290524
0.339655
0.629908
0.287187
0.287359
0.516187
1.39816
0.854826
0.499688
0.455366
0.410698
0.355174
0.596011
0.85101
0.566993
0.490938
0.541541
1.00435
0.552812
0.494088
0.534841
0.484533
0.394057
0.348431
0.487291
0.516739
0.51434
0.386574
0.284264
1.03723
0.500467
0.296886
0.306169
0.295683
0.448969
0.291481
0.291382
0.341085
0.499038
0.28681
0.286778
0.293837
0.306667
0.30076
0.287188
0.282463
0.285822
0.385659
0.757506
0.318076
0.626268
0.304354
0.287163
0.339038
0.308621
0.280238
1.13917
0.339916
0.852166
1.27046
0.503973
0.511665
0.348841
0.418006
0.543356
0.478989
0.404468
0.78222
0.543766
1.52099
0.491988
1.07738
0.756512
1.16466
1.10394
0.346005
0.498041
0.489434
0.496067
0.349076
0.485324
0.497151
1.15191
0.33709
0.46749
0.548832
0.497602
0.504163
0.294887
0.478684
1.46516
0.611681
0.351464
0.49569
0.419216
0.483876
0.570152
0.295738
0.49661
0.535176
1.34711
1.24486
0.603769
0.449614
0.354202
0.527641
0.920763
0.300132
1.16115
0.505807
0.866951
0.472924
0.52094
1.14314
0.427815
0.497922
0.487867
0.401356
0.497559
0.418586
0.867551
0.721482
0.397955
0.773928
0.492791
0.31112
0.28806
0.303684
0.497036
0.463745
0.279257
0.497213
0.432192
0.288476
0.536823
0.295923
0.339588
0.498471
0.369854
0.484787
0.283049
0.30299
0.280517
0.281696
0.35217
0.716969
0.304358
0.388865
0.340689
0.281145
0.287163
0.420996
0.411105
1.0364
0.45452
0.368277
0.509144
0.563013
0.495103
0.514891
0.303857
0.486496
0.433925
0.476408
1.18583
0.2986
0.314717
0.48899
0.411902
0.603614
0.809962
0.496178
0.293951
0.312682
0.503173
0.489025
0.412814
1.23043
1.18041
0.314541
0.320573
1.55583
0.471436
0.389126
0.383657
0.495904
0.39717
0.354617
0.501574
0.289544
0.292557
0.862294
0.502823
0.539992
1.13245
0.431881
0.4045
0.546255
0.400854
0.42294
0.460741
0.898774
0.546036
0.58575
0.299733
0.398368
0.541963
0.461175
0.484681
0.793854
0.50877
0.497532
0.291135
0.490208
0.30248
0.430422
0.362394
0.453364
0.329111
0.49606
0.346391
0.336868
0.486473
0.466177
0.495386
0.288868
0.499676
0.321359
0.479795
0.499202
0.344325
0.289997
0.279659
0.316506
0.36362
0.716171
0.564677
0.290943
0.414721
0.506085
1.71794
0.789287
0.497017
0.413203
1.32265
0.317977
0.311459
0.517592
0.345271
0.290204
0.418811
0.338455
0.515917
0.296645
0.398733
0.399564
0.301891
0.497507
0.487142
1.05598
0.326268
0.31886
0.48973
0.487841
0.606124
0.488828
0.542979
0.675057
0.590149
0.670331
0.35374
0.318606
0.301436
0.325647
0.286159
0.494417
0.495312
0.447267
1.113
0.338544
0.292637
1.10793
0.495671
0.341626
0.298513
0.311724
1.65635
0.500994
0.500018
0.491441
1.59901
0.563807
0.300642
0.448076
0.469372
1.6445
0.309181
0.366485
0.295695
0.714008
0.307199
1.41
0.506209
0.628898
0.404307
0.378346
0.498067
1.41
0.334198
0.902998
0.503441
0.301433
0.350729
0.55187
0.600597
0.507259
0.843774
0.98514
0.672278
0.763985
0.482405
0.929557
0.355742
0.676556
0.379153
0.494878
0.550172
0.318391
0.306191
0.529097
0.364837
1.78772
0.458488
0.422368
0.482923
0.356366
0.34982
0.493031
0.500546
0.283024
0.479834
0.284794
0.49982
0.398231
1.06929
0.559374
0.32493
0.496539
0.280213
0.370714
0.485987
0.496344
0.39329
0.28429
0.313614
0.281963
0.52236
0.336377
0.420738
0.517792
0.500061
0.499692
0.317388
0.427643
0.64895
0.424868
0.50256
0.492884
0.282244
0.510248
0.87851
0.293375
0.448798
0.489972
0.2899
0.49376
0.28369
0.518662
0.34062
0.628001
0.315302
0.441868
0.505217
0.28553
0.540948
1.05094
0.467309
0.285088
0.60098
0.435566
0.315958
0.349078
1.48639
0.282266
0.396171
0.462391
0.496313
0.348499
0.67084
0.379258
0.806764
0.668111
1.04346
0.883994
0.334704
0.328258
0.346323
0.460535
0.592613
1.96278
0.468527
0.34331
0.498115
0.493222
0.497599
0.502246
0.491293
0.311175
0.344615
0.464166
0.428148
0.295614
0.30834
0.287154
0.493403
0.494072
0.953144
0.294427
0.405505
0.430557
0.293747
0.61266
0.28789
0.315508
0.355391
0.309266
0.437536
0.333797
0.308627
0.416523
0.650292
0.289632
0.340179
0.314808
0.279143
0.616397
0.284989
0.508384
0.885578
0.672308
0.366456
0.480473
0.417851
0.547668
0.342123
0.496859
0.306561
0.280341
0.503593
0.437595
0.285433
0.320336
0.386584
0.499235
0.279218
0.298594
0.285432
0.344549
0.49809
0.424248
0.286337
0.284342
0.836043
0.295342
0.279233
0.497589
0.345302
0.538286
0.456939
0.388342
0.514845
0.789758
0.725858
0.339381
0.465983
0.925475
0.502596
0.495335
0.504689
0.357526
0.281157
0.324848
0.288488
0.323241
0.280523
0.427503
0.292333
0.285877
0.365096
0.42495
0.372649
0.433835
1.18776
0.362045
0.407578
1.23153
0.374082
0.327751
0.571448
0.330408
0.455444
0.289603
0.329564
0.496349
0.289899
0.893809
0.498089
0.304534
0.394605
1.14336
0.529078
0.470497
0.279724
0.302325
0.319192
0.280187
1.37449
0.375609
1.16788
1.25582
0.314259
0.299716
0.310094
0.91822
1.09226
0.474406
0.280739
0.280814
0.561466
0.511986
0.499455
0.410958
0.804504
0.497237
0.292612
0.294839
0.403943
0.381568
0.498541
0.284914
0.282508
0.457452
0.713929
0.280104
0.633478
1.27504
0.502064
0.629915
0.49143
0.483907
0.331151
0.349715
0.466939
0.361303
0.283964
0.280709
0.434356
0.369983
0.380726
0.389323
0.502877
0.868643
0.398547
0.343145
0.381866
0.279952
0.497037
0.496097
0.466182
0.783144
0.488074
0.493575
0.497094
0.288574
0.493332
0.383701
0.356838
0.402059
0.292379
1.43146
0.504141
0.306453
0.309783
0.501056
0.28004
0.548297
0.281848
0.495347
0.496392
0.678695
0.57817
0.413523
0.430391
0.507694
0.281213
0.412068
0.467548
0.280433
0.284618
0.826197
0.362184
0.331075
0.523584
0.291087
0.403045
0.637888
0.280995
0.27991
0.99793
0.39185
0.69057
1.89554
0.496435
0.285225
0.280593
0.300646
0.281518
0.499252
0.305887
0.481998
0.30555
0.330006
0.28285
0.381402
0.414789
0.293708
0.313641
0.317412
0.494157
0.27917
0.350026
0.389505
0.436149
0.496845
1.12719
0.545839
0.406223
0.449018
0.522753
0.920713
0.556776
0.353518
0.95586
0.464535
1.18524
0.534277
0.442032
0.757747
0.501884
0.681521
0.341079
0.28495
0.341212
0.359458
0.499616
0.350921
0.337052
0.284498
0.510425
0.331868
0.936688
0.484954
0.297368
0.287784
0.285954
0.298664
0.538976
0.427292
0.282234
0.294969
0.500098
0.527072
0.512549
0.281794
0.313663
0.301169
0.487416
0.285417
0.772503
0.5459
0.436785
0.284008
0.56844
0.538536
0.361986
0.348285
0.281227
0.673721
0.282887
0.289817
0.493766
0.504138
0.551074
0.28323
0.382849
0.510051
0.622493
0.281903
0.28572
0.298432
0.338104
0.475027
0.311344
0.552902
0.970381
0.505957
0.497076
0.503758
0.49617
1.40674
0.412724
0.364129
0.309213
0.329951
0.424902
1.26861
0.289786
0.350777
0.492283
0.378208
0.402606
0.47642
0.499661
0.286613
0.286431
0.280448
0.287152
0.325595
1.16567
0.299144
0.31432
0.716385
0.279569
0.350108
0.442567
0.788701
1.02297
0.666633
0.492316
0.488773
0.492516
0.283775
0.296476
0.502249
0.340069
0.410754
0.50457
0.630581
1.16752
0.280886
0.484981
0.475576
0.481346
0.314712
0.349926
0.295219
0.451234
0.497457
0.302008
0.321081
0.34261
0.290437
1.58946
0.492098
0.493999
0.500915
0.29701
0.354065
0.468276
1.22691
0.298748
0.292249
0.712927
0.484043
0.782498
0.401736
0.339741
0.522731
0.543755
0.707893
0.496142
0.302456
0.416729
0.298583
0.492181
0.504706
0.72947
0.494528
0.38401
0.615015
0.4644
0.414209
0.30953
0.453144
0.279555
0.470978
1.2657
0.287461
0.2823
0.418108
0.492098
1.39781
0.429415
0.479822
0.916216
0.841583
0.417054
0.419041
0.446398
0.325287
0.313788
0.502833
0.504269
0.596307
1.41568
0.402607
0.317824
0.40121
0.49773
0.494422
0.386991
0.500477
0.507833
0.294153
0.363137
0.481708
0.32338
0.288502
0.302759
0.641864
0.507485
0.492811
0.295145
0.981163
0.291173
0.290077
0.28044
0.289994
0.365561
0.978829
0.337255
0.646346
0.353464
0.324383
0.349735
0.53034
0.418458
1.70569
1.38276
0.497463
0.492154
0.499611
0.334728
0.491414
0.289268
0.493785
0.630148
0.704666
0.494261
0.331713
0.500099
0.528031
0.527583
0.340722
0.282504
0.378039
0.811701
0.502056
1.08454
0.365804
0.297846
0.505366
0.329574
0.75202
0.314915
0.352467
0.793224
0.28056
0.657264
0.387262
0.584441
0.374017
0.386385
0.32952
0.290588
0.49437
0.495288
0.499676
0.536714
0.3828
0.682167
0.34484
0.309931
0.288524
0.287433
0.288628
0.472702
0.421573
0.431153
0.527135
0.663729
0.452224
0.323287
0.328857
1.0169
0.475158
0.935189
1.36854
0.294189
0.487031
0.284785
0.530641
0.468488
0.500905
0.287648
0.306233
0.489761
0.307015
0.31305
0.29162
0.494223
0.499834
0.299449
0.486175
0.536262
0.429503
0.456913
0.497527
0.937653
1.00641
0.29329
1.89171
0.318919
0.493578
0.486535
0.454543
0.397618
0.957977
0.482389
0.434941
0.503512
0.396854
0.391007
2.21319
1.09151
0.402581
0.340303
0.387787
0.379701
0.398598
0.454941
0.28173
0.279166
0.287073
0.43418
0.316785
0.416635
0.292622
0.640765
0.499173
0.513764
0.497136
0.496627
0.478907
0.561866
0.454307
0.499276
0.33634
1.02783
0.499807
0.281171
0.441901
0.497448
0.304861
0.330278
0.410452
0.503883
0.50058
0.338594
0.478292
0.286284
0.300593
0.338303
0.453701
0.484431
0.428472
0.315976
0.496855
0.498025
0.292506
0.44173
0.281286
0.533119
0.280098
0.296151
0.337376
0.304086
0.54271
0.489967
0.336992
1.45681
0.300572
0.493171
0.495824
0.42318
0.290133
0.494696
0.636631
0.494288
0.392811
0.346797
0.389191
0.504312
0.498217
0.478409
0.318812
0.822097
0.336945
0.80803
0.509839
0.281477
1.06071
0.725885
0.756671
1.32633
0.354786
0.334576
0.496844
0.855551
0.85934
0.495797
0.498563
0.314786
0.282953
0.542671
0.326967
3.32845
2.89592
0.30412
0.289382
0.370769
0.324927
0.498263
0.307449
0.452662
0.285101
0.492969
0.492529
0.478304
0.499049
0.421559
2.68859
0.387419
0.320402
0.436407
0.281696
0.537107
1.06006
0.32226
0.488213
0.28132
0.313833
0.301381
0.351956
0.28237
1.56511
0.328314
0.344022
0.49754
0.432805
0.886661
0.382534
0.322095
0.313378
0.496762
0.37249
0.519631
0.286079
0.374662
0.365279
0.498531
2.562
0.349111
0.523212
0.293115
0.335567
0.301737
0.297559
0.499879
0.319802
0.312456
0.284849
0.362136
0.279398
0.497083
0.300021
0.494466
0.356016
0.29089
0.520583
0.493866
0.335937
0.315608
0.280906
0.348714
0.279735
0.308051
0.502603
0.56996
0.380666
0.499408
0.495233
0.28141
0.798694
0.293262
0.40242
0.502385
0.295225
0.496968
0.355562
0.316896
0.287484
0.497184
0.281555
0.286989
0.310373
0.293886
0.316526
0.297251
0.965906
0.629344
0.483127
0.83776
0.309213
0.433829
0.622346
0.793744
0.283061
0.397566
0.433281
0.46996
0.500528
0.301304
0.287735
0.292437
0.326635
0.495322
0.287393
0.307681
0.281833
0.283794
0.484595
0.511841
0.540632
0.286769
0.283929
0.468738
0.294715
0.413671
1.18099
0.387135
0.495346
0.285971
0.728527
0.526438
0.419755
0.495173
0.307468
0.924288
0.377915
0.294524
0.498075
0.312812
0.364943
0.334499
0.32534
0.500272
0.514788
0.496527
0.478273
0.283038
0.48922
0.462521
0.317227
0.502736
0.47092
0.297495
0.280514
0.63161
1.05923
0.289296
0.519809
0.620556
0.498964
0.320837
0.541496
0.499061
0.440147
0.316586
0.30442
0.492639
0.289092
0.293621
0.495827
0.499862
0.414269
0.448861
0.493449
0.317025
0.330956
0.333241
0.362393
0.555034
0.300216
0.497676
1.22686
0.298776
0.284952
0.285274
0.347948
0.512453
0.309363
1.16648
1.04235
0.928617
0.577833
0.319069
0.402328
0.959347
0.315661
0.455456
0.442575
0.561383
1.02008
0.42885
0.495238
0.281624
0.282608
0.335702
0.310424
0.497554
0.490747
0.498261
1.56596
0.570224
0.480323
0.449245
0.445758
0.454453
0.378781
0.616391
0.303483
0.31227
0.546268
0.477665
0.629344
0.450405
0.396359
0.483351
0.471492
0.501457
0.531607
0.499423
0.760299
0.454519
0.295998
0.570369
0.501357
0.450111
0.755714
0.285656
0.569681
0.500442
0.648535
0.487997
1.85336
0.348902
0.451013
0.331774
0.288563
0.296447
0.389238
0.40535
0.292668
0.28206
0.279167
1.91584
0.336488
0.288083
0.394264
1.54763
0.387763
0.951068
0.337155
0.446987
0.330641
1.00069
0.73233
0.393868
0.489904
0.281873
0.280046
0.50067
0.501127
0.328132
0.321522
0.373288
0.428774
0.28336
0.738358
0.367541
0.343061
0.332237
0.712952
0.802983
0.69065
0.453176
0.463997
0.476331
1.02061
0.347309
0.312437
0.495457
0.355535
1.25168
0.664539
0.662431
0.413543
0.303583
0.498926
0.366341
0.598455
0.475557
0.287624
0.497028
0.870659
1.01456
0.403308
0.411661
0.887026
1.17272
0.328689
0.332024
0.490573
0.500617
0.316445
0.488839
1.07727
0.507037
0.281324
0.339252
0.560173
0.358918
0.356355
0.418207
0.813642
0.445037
0.465291
0.425003
1.13919
0.522852
0.488298
0.499731
0.49943
0.555093
0.471683
0.52676
1.19902
0.473096
1.9288
2.80751
0.794649
0.286005
0.298976
0.456036
0.317098
0.499308
0.336719
0.504576
0.372072
0.280433
0.509278
0.358432
1.73287
0.445355
0.487792
0.339448
0.283115
0.964646
0.59558
0.504177
0.296747
0.428105
0.460187
0.49647
0.30161
0.498077
0.331337
0.320345
0.50031
0.454876
0.293417
0.491152
0.496456
0.490467
0.498328
0.299689
0.497348
0.288367
0.504029
0.483654
0.504879
1.35416
0.894575
0.284625
0.413979
0.739024
0.327843
0.433124
0.344301
1.98086
0.293034
0.494681
0.328526
0.311649
0.28858
1.02353
0.785493
0.33467
0.534044
1.03446
0.607036
0.400087
0.502297
0.43807
0.400915
0.399734
0.317043
0.279344
0.289896
0.345194
0.304938
0.303611
0.784856
0.297336
0.668149
0.382458
0.313872
0.281327
0.29153
0.48897
0.322215
0.950808
0.54941
0.281251
0.548863
0.504184
0.310475
2.54895
2.09906
0.282336
0.832464
0.917762
1.56292
0.501683
0.488718
0.28031
0.511316
0.446405
0.818435
0.28354
0.392702
0.49698
0.446936
0.29164
0.321891
0.311632
0.432027
0.694679
0.504377
0.494839
0.33191
0.510341
0.446215
0.293597
0.882109
0.675149
0.288952
0.335414
0.339576
0.475586
0.529938
0.591319
1.93355
0.49983
0.497222
0.582467
0.713002
0.344489
0.281648
0.769393
1.07016
0.771817
0.376801
0.378131
0.382828
0.279956
0.465026
0.519386
0.328045
0.341637
2.07345
0.359884
0.298321
0.280877
0.503398
0.398126
0.361523
1.048
0.27992
0.431993
0.329804
0.970674
1.01751
0.779577
0.588783
0.301602
0.728332
0.464638
0.303473
0.295147
0.280577
0.454877
0.299749
0.46893
0.49708
0.773903
0.357827
0.282464
0.295887
0.627863
0.283131
0.297472
0.338254
0.858324
0.323441
1.02038
0.518294
0.614335
0.512541
0.417367
0.491963
0.491315
0.82396
0.292093
1.02133
0.496699
0.328479
0.289662
0.284887
0.30147
0.621712
0.328657
0.356464
0.550246
0.284645
0.279839
0.347342
0.436054
0.398541
0.503923
0.391676
0.341656
0.282467
0.28379
0.329624
0.494235
0.499631
0.566115
1.04194
0.283652
0.32874
0.279321
0.280683
0.290238
0.755154
0.536848
0.500581
0.317015
0.367199
0.33539
0.505645
0.289936
0.753358
0.635132
0.475734
0.65316
0.924862
0.981559
0.283985
0.397126
1.34051
1.06579
0.8082
1.26294
1.49226
1.51685
1.41877
1.39492
1.54137
0.492798
0.354792
0.500553
0.803368
0.495845
0.696644
0.57336
0.285638
0.285185
0.331676
0.769695
0.281595
0.301267
0.311219
0.279579
0.287095
0.360325
0.293049
0.4979
0.287085
1.4627
0.298683
0.283262
0.497656
0.462866
0.30546
0.33572
0.291908
0.283546
0.307964
0.667817
0.440689
0.327591
0.35359
0.318729
0.29518
0.299609
0.281554
0.493936
0.613916
0.295988
0.50259
0.318917
0.296536
0.493512
0.313635
0.2952
0.369479
0.478651
0.660907
0.856994
0.495298
0.281917
0.497029
0.2839
1.11082
0.447111
1.01114
0.578765
0.401052
0.324806
0.520936
0.859797
0.336882
0.502322
0.440431
0.49809
0.55308
0.495419
0.493397
0.336027
0.303928
0.41441
0.478296
0.388111
0.389796
0.444789
0.296819
0.499554
0.810927
0.48777
0.368006
0.563953
0.324781
0.425921
0.888951
0.498876
0.30006
0.452303
0.313861
0.313309
0.446411
0.306092
0.38395
0.501027
0.498811
0.369828
0.489401
0.439346
0.556014
0.539616
0.285993
0.436061
0.309323
0.536372
0.359477
0.494568
0.281984
0.303424
0.705484
0.28295
0.310796
0.868081
1.23478
0.301017
0.50661
0.301345
0.492015
1.09096
1.27739
1.22669
0.339027
0.370145
0.372234
0.390985
0.292585
0.933533
0.793199
0.497596
0.316519
0.320969
0.322875
0.494091
0.368934
0.435193
0.285312
0.490666
1.97282
0.281606
0.496821
0.281041
0.280807
0.283194
0.622045
0.500196
0.49213
0.286936
0.479447
1.30966
0.45328
0.61319
0.368728
0.575974
0.908659
0.284225
0.863814
1.17043
0.683839
0.740991
0.496437
0.437851
0.311604
0.492286
0.500246
0.487583
0.536258
0.502945
0.300359
0.454769
0.376696
0.499651
0.778196
0.488185
0.314859
0.350061
0.293519
0.303507
0.349977
0.355365
0.361757
0.303578
0.291286
0.28048
0.489554
0.457585
0.364978
1.43507
0.367693
0.310025
0.289474
0.281569
0.397419
0.497692
0.533075
0.767802
0.498924
0.520448
1.35807
0.305004
0.56563
0.444201
1.77523
0.32749
0.992794
1.6632
0.477503
0.719955
0.493034
0.332751
0.310421
0.843102
0.30078
0.316597
1.06406
0.324806
0.520936
0.859797
0.336882
0.502322
0.440431
0.49809
0.55308
0.495419
0.493397
0.336027
0.303928
0.41441
0.478296
0.388111
0.389796
0.444789
0.296819
0.499554
0.810927
0.48777
0.368006
0.563953
0.324781
0.425921
0.888951
0.498876
0.30006
0.452303
0.313861
0.313309
0.446411
0.306092
0.38395
0.501027
0.498811
0.369828
0.489401
0.439346
0.556014
0.539616
0.285993
0.436061
0.309323
0.536372
0.359477
0.494568
0.281984
0.303424
0.705484
0.28295
0.310796
0.868081
1.23478
0.301017
0.50661
0.301345
0.492015
1.09096
1.27739
1.22669
0.339027
0.370145
0.372234
0.390985
0.292585
0.933533
0.793199
0.497596
0.316519
0.320969
0.322875
0.494091
0.368934
0.435193
0.285312
0.490666
1.97282
0.281606
0.496821
0.281041
0.280807
0.283194
0.622045
0.500196
0.49213
0.286936
0.479447
1.30966
0.45328
0.61319
0.368728
0.575974
0.908659
0.284225
0.863814
1.17043
0.683839
0.740991
0.496437
0.437851
0.311604
0.492286
0.500246
0.487583
0.536258
0.502945
0.300359
0.454769
0.376696
0.499651
0.778196
0.488185
0.314859
0.350061
0.293519
0.303507
0.349977
0.355365
0.361757
0.303578
0.291286
0.28048
0.489554
0.457585
0.364978
1.43507
0.367693
0.310025
0.289474
0.281569
0.397419
0.497692
0.533075
0.767802
0.498924
0.520448
1.35807
0.305004
0.56563
0.444201
1.77523
0.32749
0.992794
1.6632
0.477503
0.719955
0.493034
0.332751
0.310421
0.843102
0.30078
0.316597
1.06406
0.384888
0.499538
0.478124
0.497235
0.502799
0.35437
0.280576
0.304473
0.495818
0.407311
0.283745
0.294145
0.279622
0.328219
0.28981
0.28849
0.308655
0.556513
0.496636
0.447328
0.283141
0.290651
0.284045
0.500361
0.336622
0.376258
0.739353
1.14045
0.448094
1.35779
1.05369
0.490007
0.705492
0.392067
0.498586
0.546922
0.402376
0.309313
0.467691
1.35181
0.282323
0.316987
0.396614
0.304236
0.286395
0.501895
0.339549
0.501172
0.399259
0.43039
0.29188
0.839406
0.329731
0.971957
0.304506
0.287997
0.283657
0.403155
0.560171
0.416178
0.364779
0.477684
0.410059
0.355607
0.670065
0.280853
0.499442
0.395921
0.445172
0.378227
0.595124
0.400233
0.378055
1.53026
0.346398
0.863935
0.828383
0.625865
0.548701
0.39526
0.773164
0.343747
0.429956
0.502867
0.613298
0.284858
1.12259
0.48135
0.280978
0.41983
0.828496
0.499039
0.377546
0.308291
0.29109
0.288839
0.370868
0.49962
0.521281
0.291022
0.405689
0.294175
0.298828
0.499501
1.19351
0.381923
0.528042
0.324784
0.677081
0.282837
0.49571
0.779296
0.495832
0.453515
0.980056
0.950382
0.326857
0.512531
0.463982
0.552259
0.991481
0.497433
1.10988
0.617828
0.501924
0.497579
0.314592
0.369024
0.281535
0.290003
0.336291
0.501794
0.446232
0.38102
0.303225
0.49527
0.4984
0.580943
0.29255
0.373565
0.286556
0.42766
0.308724
0.548862
0.306411
0.832359
0.459498
0.430016
0.290076
0.49742
0.282207
0.298093
0.381261
0.516658
0.329155
0.326691
0.497576
0.511156
0.758444
1.03737
0.317904
0.546389
0.375954
0.308035
0.318527
0.407174
0.963485
0.920409
0.515523
0.419182
0.388213
0.562953
0.331175
0.461409
0.682287
0.588898
1.06972
0.486634
0.447664
0.32853
0.495126
0.415921
0.314963
0.495881
0.498977
1.15533
0.314944
0.281838
0.283319
0.404283
1.35368
1.25004
1.68859
0.385177
0.371809
0.622077
0.495909
0.321833
1.25382
0.393163
0.366023
0.300867
0.385789
0.546459
0.731903
0.745216
1.15896
0.377242
0.678022
0.486229
0.750619
0.312243
0.534164
0.280633
0.279171
0.674369
0.82913
0.432332
0.349956
0.28938
0.385542
0.814668
0.895148
0.380031
0.515098
0.545096
0.46767
0.289282
0.500618
0.45593
0.47394
0.410173
0.353693
1.2597
0.422734
0.441911
0.501003
0.498169
0.498016
0.501848
0.301832
0.529933
1.85272
1.13257
0.495645
0.46577
0.49949
0.364647
0.508085
0.494705
2.58425
1.31668
0.536854
0.491097
0.381077
0.294036
0.34311
0.997741
0.303068
0.498515
0.788318
0.877119
0.41856
0.326357
0.501288
0.501706
0.555577
0.502335
1.26845
0.337502
0.500345
0.311117
0.470007
0.510787
0.728108
0.50641
0.342238
0.547017
0.494938
0.447257
0.361959
0.493882
0.42083
0.755748
0.422191
0.776762
0.352275
0.488689
0.500303
0.442691
0.454132
0.478368
0.376083
0.83235
0.347968
0.350094
0.495236
0.402941
0.360125
0.318853
0.49425
0.439505
0.495774
0.493301
0.496956
0.494193
0.292391
0.820519
0.35939
0.280497
0.492128
0.279371
0.28374
0.410668
0.855686
0.991168
0.529768
0.288791
0.279213
0.493636
0.562021
0.49939
0.388838
0.49303
0.359061
0.388628
0.324434
0.294405
0.489705
0.367561
0.279965
0.280543
0.480962
0.502426
0.299003
0.440755
0.655751
0.314457
0.430147
1.36269
0.421172
0.49638
0.393385
1.45231
1.37306
0.320041
0.497277
0.368852
0.450218
0.744823
0.282047
0.574208
0.50208
0.355083
0.511096
0.505841
0.341481
0.371018
0.492405
0.498053
0.998804
0.408339
0.425402
0.325147
0.286305
0.285743
0.351946
0.292634
0.412936
0.338288
0.389458
0.500906
0.576782
0.50013
1.15824
0.499949
0.506687
0.285281
0.282335
0.490785
0.451126
0.52232
0.41021
0.347986
0.419838
0.29817
0.297455
0.346152
0.28004
0.627312
0.329466
1.00563
0.874383
0.310214
0.324248
0.37875
0.284618
0.44916
0.289349
0.494705
0.304635
0.298983
0.668553
0.381218
0.383275
0.729878
0.280822
0.497863
0.321777
0.494433
0.804112
0.3104
0.501273
0.915051
0.289724
0.370756
0.4993
0.301488
0.493835
0.657144
1.31034
0.795393
0.388271
0.346111
0.282585
0.286944
0.440311
0.319948
0.366686
0.281144
0.403168
0.349904
0.300173
1.46411
0.2994
0.36031
0.397203
0.630978
0.352641
0.288364
0.494891
0.329837
0.821186
0.949214
0.55508
0.451674
0.492565
0.42829
0.492834
0.878133
0.50093
0.497707
0.282244
0.285268
0.294338
0.53369
0.417278
0.430233
0.849992
0.369581
0.2834
0.360123
0.713088
0.363035
0.45425
1.85656
0.360344
0.478034
0.384067
0.470375
0.498471
0.589939
0.302921
0.500518
0.324312
0.286158
0.311104
0.891412
0.292259
0.379075
0.496547
0.479824
0.290019
0.280871
0.494635
0.280785
0.355451
0.361527
0.525556
0.535097
0.712289
0.494576
0.540779
0.417244
0.498771
0.509399
0.840404
0.30793
0.283479
0.289204
0.345313
0.495976
0.566272
0.289912
0.537999
0.367843
0.595479
0.317619
0.488561
0.339075
0.498744
0.29651
0.431429
1.26647
0.381721
0.32329
1.07244
0.291384
0.717347
0.423241
0.493391
0.420892
0.331576
0.950913
0.416587
0.555001
1.04857
0.400139
0.409791
0.279231
0.906588
0.495749
0.435542
0.51057
1.3417
0.300243
0.391148
0.504574
0.279717
0.492645
0.339364
0.297821
0.433139
0.554224
1.10882
0.501822
1.15966
0.357897
0.313577
0.434407
0.27995
0.451687
0.290126
0.402979
0.472104
0.50143
0.577183
0.516848
0.524245
0.794561
0.874056
0.302585
0.382675
0.286995
0.498199
0.284385
0.290093
0.49698
0.501681
0.28179
0.502706
0.290395
0.430086
0.282832
0.640951
0.458338
0.288826
0.296788
0.403932
0.497036
0.503028
0.280261
0.400919
0.333513
0.289399
0.430458
0.499706
0.455272
0.440036
0.73727
0.279986
0.463029
0.815883
0.462799
0.313705
0.368244
0.49744
0.385364
0.5028
0.28248
0.3345
0.336772
0.279229
0.307227
0.280907
0.496974
0.280561
0.291741
0.628719
0.279178
0.495967
0.36849
1.19946
1.25016
0.492048
0.410483
0.385162
0.549942
0.497052
0.281856
0.302896
0.285194
0.345565
0.299565
0.332529
0.533586
0.308889
0.280403
0.341033
0.985282
0.456761
0.31496
0.313855
0.326767
0.434599
0.377187
1.02531
0.401185
0.337659
0.780074
0.314494
0.513898
0.449455
1.82804
0.864037
0.441976
0.726691
0.446312
0.362769
0.281385
0.367392
0.514486
0.448721
0.745047
0.343543
0.498151
0.349136
0.505127
0.287542
0.318169
0.502464
0.504607
0.289743
0.492524
0.501526
0.420831
0.506154
0.34211
0.998053
1.10861
1.07031
1.24277
0.752105
0.474278
1.08725
0.835601
0.938697
0.46594
0.375606
0.346995
0.435141
0.286577
0.50563
0.41886
0.496214
0.370727
0.495809
0.286529
0.486496
0.286399
0.285397
0.347596
0.330171
0.364935
1.01141
0.503647
0.377779
0.59399
0.284911
0.373296
0.475422
0.809702
2.70516
2.15567
1.82679
0.867498
0.406322
0.509994
1.74926
0.349385
0.342842
0.539512
0.497534
0.441303
0.402443
0.296941
0.494321
0.280334
0.650937
0.494067
0.301532
0.310623
0.361752
0.610094
0.318782
0.52577
0.469253
0.795473
0.541512
0.457083
0.887027
0.341514
1.15208
0.444622
0.427184
0.282536
0.501806
0.342838
0.283333
0.306631
0.305606
0.289824
0.402579
0.317446
0.438808
0.322912
0.323811
0.366534
0.340461
0.487369
0.49577
0.283841
0.316954
0.335506
0.778562
0.297127
0.371817
0.283868
0.351194
1.18821
0.364893
0.366094
1.23614
0.330055
0.329808
0.495973
0.477009
0.381458
0.497647
0.790383
0.290404
0.302441
0.288561
0.28146
0.283953
0.49558
1.88884
0.288113
0.330025
0.365054
2.68382
0.910145
0.578586
0.446641
1.07751
0.485348
0.287154
1.59855
0.490549
1.21063
0.412755
0.490185
0.661274
0.498479
0.384847
0.349396
0.495834
0.546307
0.496786
0.453375
0.499256
0.496799
0.501122
0.395743
0.301451
0.494383
0.494789
0.784821
0.282758
0.320362
0.282485
0.49921
0.318858
0.324735
0.364138
0.346528
0.32112
0.402972
0.289811
1.22608
0.280971
0.500413
0.560052
0.309101
0.297067
1.04568
0.688132
0.567534
0.434466
0.514968
0.52884
0.346779
0.483269
0.499849
0.314971
0.337663
0.425869
1.13263
0.979721
0.313707
0.503795
0.354741
0.500561
0.282281
0.40878
0.534867
0.499476
0.639463
0.473008
0.472299
0.522615
0.499496
1.5981
0.454869
0.317771
0.362317
0.497892
0.403044
1.34958
0.372657
0.323281
0.369219
0.74369
0.504346
1.50423
0.281719
0.731731
0.284537
0.512012
0.349094
0.363709
0.310594
1.20952
1.10076
0.363955
0.40547
1.95637
0.506907
0.297096
2.53019
0.352296
0.281006
0.338058
0.42089
0.31533
0.300544
0.328416
0.322245
0.280624
0.702703
0.344476
0.508262
0.497305
0.288533
0.296375
0.29478
0.482936
0.478
0.498156
0.585962
0.788784
0.378889
0.298668
0.449359
0.316277
0.491976
0.499306
1.60729
0.31596
0.281551
0.281649
0.50984
0.73565
0.333404
1.20966
0.377427
1.25607
0.409481
1.36459
0.386567
0.516213
0.655424
0.33767
0.496688
0.491568
0.495851
0.496265
0.49805
0.332664
0.350824
0.342824
0.49715
1.13294
0.504506
0.306555
0.437536
0.319177
0.504423
0.465112
0.280022
0.281841
0.365791
0.980625
0.302119
0.422753
0.49582
0.491724
0.30029
0.521657
0.794094
0.320988
1.35435
0.442476
0.306507
0.531938
0.421742
0.303944
0.424673
2.92114
1.12518
0.501959
0.381176
0.283194
0.402444
0.501841
0.290232
1.02066
0.303509
0.573163
0.355765
1.00867
0.282456
0.527614
0.889876
0.583002
0.954849
0.400159
1.11742
0.281369
0.782146
0.406827
0.659794
0.528989
0.322373
0.509707
0.496271
1.0541
0.502072
0.326681
0.412324
0.296445
0.48684
0.407437
0.416709
0.497945
0.316767
0.350317
0.31422
0.500725
0.518485
0.319745
0.280408
0.279145
0.309428
0.490084
0.34876
0.498142
0.358396
0.279587
0.34188
0.314051
0.385141
0.298445
0.308544
0.35706
0.55883
0.585372
0.401047
0.784337
0.5299
0.498973
1.86184
0.501411
0.40559
0.383925
0.299905
0.297311
0.499574
0.497469
0.286767
1.44581
0.281277
0.281092
0.373188
0.458363
1.08778
0.868986
0.311255
0.358
0.768775
0.497306
0.333276
0.340604
0.500162
0.49599
0.404728
0.343818
0.35399
0.491405
0.311895
0.354259
1.54248
0.436235
0.283427
0.279421
0.280843
0.657161
0.591967
0.467446
0.881235
0.489524
0.313933
0.840096
0.306267
0.324378
0.366217
1.03141
0.438878
0.517362
0.8203
0.360481
0.305722
0.287949
0.8156
0.610508
0.349966
0.47906
0.475818
0.281479
0.281341
0.442177
0.340638
0.310421
0.28977
0.491773
0.405606
0.360081
0.394605
0.49705
0.29187
0.421176
1.56723
0.504477
0.528123
0.296259
0.960872
0.332339
0.329379
0.405739
0.748598
0.376416
0.367973
0.404318
0.328442
0.504539
0.288416
0.488431
0.287544
0.327782
0.299929
0.493082
0.675594
0.303353
1.14644
1.55866
1.00636
0.474198
0.361443
0.296501
0.853474
0.379893
0.369686
0.465497
0.96383
0.502862
0.429043
0.297203
0.51964
0.502715
0.424233
0.560142
0.523772
0.980572
0.48175
0.440422
0.650334
0.487718
0.303474
0.305556
0.367757
1.05997
0.682468
0.288918
0.28859
1.07539
0.46216
0.697317
0.324273
0.285431
0.49908
0.37716
0.507555
0.491287
0.27948
0.355384
1.38622
0.468354
0.565153
0.332179
0.309173
0.410857
0.299395
1.00986
0.702095
0.379881
0.772111
0.510566
0.49368
0.499359
0.503126
0.476934
0.288757
0.305515
0.316165
0.30632
0.299389
0.501424
0.490837
0.303524
0.976401
0.341325
0.944582
0.449833
0.499607
0.314521
0.460195
0.281368
1.1276
0.514806
1.26752
0.5046
0.504972
0.375114
0.496687
0.508682
0.293457
0.281453
0.316021
0.49551
0.379467
0.288934
0.344426
0.291246
0.282954
0.864656
0.333541
0.288548
0.39684
0.443489
0.338563
0.352005
1.59206
0.829977
0.296912
0.528488
0.284895
0.500071
0.93249
1.17587
1.94426
0.503795
0.580934
0.719936
0.284205
0.716121
0.488704
0.315961
0.307381
0.495385
0.282567
0.282969
0.486534
0.345118
0.283617
0.320233
0.408642
0.281337
0.334967
0.301217
0.493174
0.281552
0.3456
0.469858
0.319709
0.408383
0.881402
0.490155
0.488149
0.324206
0.500031
0.492377
0.283242
0.496496
0.342993
0.507691
0.500245
0.332227
0.500294
0.500186
1.11107
0.32989
0.282012
0.318707
0.310257
0.283329
0.379054
0.374815
0.4476
0.413909
0.409242
0.498728
0.319833
0.499462
0.825581
0.492015
0.921053
0.285422
0.465422
0.290705
0.658889
0.494597
0.501004
0.288767
0.310509
1.00329
0.493735
0.324164
0.710628
0.298511
0.282008
0.362266
0.422458
0.639915
1.45737
0.863797
0.303355
0.502532
0.475901
0.280923
0.280402
0.279604
0.608809
0.279909
0.288658
0.985821
1.1867
1.16415
1.04413
1.22989
0.307827
0.464534
0.362297
0.473523
1.21606
0.364106
0.494181
0.296769
0.66615
1.08925
0.29901
0.528708
0.494419
0.512343
0.892164
0.540569
0.992273
0.410211
1.03415
0.359861
0.512159
0.34347
0.454457
0.291369
0.498891
0.504805
0.560613
0.970727
0.512921
0.472239
0.326349
0.364415
0.485833
0.64448
0.348229
0.512502
0.344947
0.492419
0.333434
0.618137
0.348908
0.50325
0.317192
0.396404
0.281281
0.311823
0.306768
0.846811
0.403814
0.323861
0.498134
0.287492
0.288424
0.296368
0.299621
0.646642
0.356649
0.778133
0.281942
0.283796
0.501549
0.399227
0.443107
0.993297
0.279652
0.497554
0.392106
0.653642
0.279622
0.302965
0.993746
0.646381
0.945109
0.283543
0.930168
0.941559
0.474443
0.289948
0.344449
0.496574
0.32532
0.308541
0.403022
0.388492
0.309999
0.502134
0.646597
0.339826
0.286276
0.28319
0.366504
0.502983
0.494449
0.286717
1.22484
0.457565
0.42545
0.535665
0.307375
0.392366
0.500848
0.342878
1.85556
0.320289
0.487134
0.490232
0.288278
0.290336
0.30262
1.07572
0.599761
0.528268
0.885183
0.470153
0.279741
1.29475
0.467179
0.34461
0.310151
0.572228
0.499888
0.317431
0.361834
0.283467
0.813958
0.361231
0.441839
0.280143
0.281076
0.280356
0.392616
1.00249
0.580808
0.279179
0.337621
0.351752
0.389795
0.694506
0.308368
0.492979
0.499516
0.501364
0.35627
0.585736
0.304941
0.301254
0.296824
0.312154
0.493012
0.393429
0.499143
0.351151
0.497111
1.09244
0.308778
0.306541
0.281183
0.748429
0.525996
0.85554
0.495669
0.393975
0.503207
0.40592
0.285404
0.509234
0.504506
0.370691
0.290688
0.398408
0.300538
0.500149
0.402666
0.408552
0.489558
0.282251
0.3084
0.351121
0.340186
0.351834
0.46346
0.293834
0.703342
0.421775
0.285865
0.497218
0.494821
0.329439
0.423444
0.413531
0.496034
0.295551
0.501934
0.391512
0.279766
0.540321
0.466677
0.322795
0.355779
0.335268
0.374476
0.596321
0.45641
0.389017
0.320131
0.329999
0.593397
0.322516
0.28016
0.283391
0.283011
0.494022
0.333683
0.49552
0.336292
0.491691
0.44619
0.494023
0.462365
0.427706
0.39919
1.25483
0.696705
0.745024
0.626265
0.478426
0.299423
0.282927
0.390613
0.985569
0.281741
0.891142
0.392499
0.39733
0.367161
0.850218
0.662031
0.396023
0.692768
0.313486
0.287587
0.455714
0.456326
0.328761
0.496698
0.637125
0.404507
0.388727
0.423509
0.306573
0.342515
0.343997
0.347597
0.49395
0.358293
0.420432
0.459109
0.436805
0.290199
0.320048
0.495816
0.791979
0.320263
0.48704
0.490819
0.292674
0.304786
0.371678
0.331008
0.888272
0.552378
0.336757
0.825703
0.488369
0.287998
0.501689
0.34259
0.512744
0.525465
0.297954
0.487662
0.426454
0.293458
0.599004
0.28075
0.494363
0.283077
0.550747
0.968822
0.735145
0.335053
0.436637
0.294051
0.719688
0.311503
0.310513
0.345369
0.495029
0.518653
0.387148
1.28642
0.650009
0.508776
0.298048
0.32798
1.12835
0.288401
0.293778
0.443841
0.491721
0.485659
0.340885
0.293061
0.516496
0.352495
0.296569
0.314617
0.393834
0.50186
0.490857
0.517546
0.30305
0.444374
0.496315
0.433584
0.2806
1.1519
0.293225
0.498132
0.431149
0.836273
0.349702
0.697703
0.898609
0.50416
0.531477
1.5212
0.508665
0.493531
0.344029
0.407266
0.385234
0.408574
0.323621
0.511553
0.753828
0.422314
0.49907
0.28402
0.49255
2.05905
0.523693
0.498702
0.283097
0.493467
0.290397
0.35937
0.885886
0.437145
0.422382
0.306528
0.32924
0.507384
0.291369
0.495844
0.299155
0.33176
0.337873
1.51603
0.336065
0.459301
0.530512
0.285463
0.763893
0.280198
0.636146
0.497954
0.363361
0.48637
0.389714
0.284581
0.377255
0.498711
0.494263
1.09901
0.325609
0.535335
0.571822
0.482908
0.832545
0.656439
0.3882
0.50016
0.312556
0.494758
0.328996
0.658937
2.73128
0.497745
0.302334
0.369753
0.289485
1.09721
2.02732
0.504447
0.284025
0.482161
1.2205
0.282569
0.302192
0.601524
0.735404
0.322152
0.378297
0.299226
0.54529
0.445221
0.309273
0.313843
0.290865
0.754417
0.312748
0.36248
0.358484
0.500948
0.49083
0.286023
0.296533
0.495226
0.323406
0.301539
0.716376
0.41332
0.283789
0.391904
0.504367
0.329167
0.386975
0.335958
0.411706
0.496586
0.329047
0.361626
0.296679
0.407585
0.307629
0.330876
0.736814
0.283322
0.287601
0.616908
0.295705
0.306727
0.292788
0.632442
0.493301
0.388039
0.40496
0.92469
0.813713
0.435033
0.467016
0.555649
0.97725
0.414088
0.342409
0.49724
0.380932
0.61769
0.432305
0.445746
0.751211
0.336892
0.519221
0.490624
0.309712
0.378939
0.47659
0.283399
0.496814
0.332805
0.298956
0.335997
0.523291
1.30249
0.441915
0.487902
0.41376
0.319887
0.279795
0.288773
0.291134
0.602371
0.824774
0.350362
0.298649
0.322683
0.309893
0.577385
0.448002
0.627965
0.330768
0.347885
0.805704
0.287018
0.77794
0.885309
0.350768
0.289776
0.368476
0.497746
0.36394
0.280372
0.44698
0.494785
0.497407
0.339402
0.359316
1.07521
0.320487
0.497756
0.705474
0.31258
0.381193
0.391164
0.948229
0.365618
0.311446
0.280359
0.417638
0.461216
0.665438
0.702976
0.521746
0.280726
0.345312
0.365933
0.954538
0.327475
0.388694
0.34865
0.631674
0.779038
0.503763
0.491451
0.499045
0.42831
0.585781
0.495792
0.979926
1.13481
0.315867
0.498805
0.383136
0.498118
0.492487
0.93437
0.499804
0.942921
0.673473
0.496474
0.45016
0.497327
0.577163
0.292623
0.497144
0.279949
0.491443
0.46315
0.295826
0.501088
0.502427
0.285463
0.498931
0.511626
0.300354
0.289761
0.501009
0.650163
0.373918
0.507857
0.302497
0.294153
0.306683
0.297677
0.541615
0.355179
0.504753
0.773418
0.286303
0.845448
0.328317
0.394526
0.877572
0.310673
0.384224
0.94118
0.328087
0.446669
0.479556
0.776958
0.501878
0.497618
0.540883
0.27935
0.623027
0.315336
0.386618
0.299756
0.432329
0.401348
0.493645
0.280551
0.72768
0.533664
0.281201
0.330378
0.407545
0.561378
1.30718
1.19505
0.284348
0.281529
0.630388
0.444822
0.513311
0.408625
0.381558
0.290961
0.334829
0.825156
0.414272
0.29116
0.325691
0.939443
0.407254
0.353534
0.49535
0.430109
0.288187
0.281797
0.303988
0.493582
0.341268
0.325967
0.383347
0.554322
0.481336
0.345424
0.646197
0.730436
0.287412
0.468562
0.28102
0.507689
0.457171
0.38698
0.642057
0.488968
0.493991
0.420024
0.301434
0.495009
0.440636
0.367353
0.398865
0.6194
0.304617
0.281576
0.528657
0.280864
0.525071
0.787633
0.908634
0.497332
0.371094
0.627951
0.500079
0.93672
0.283062
0.395304
0.502963
0.467281
0.593817
0.499833
0.718545
0.323807
0.495997
1.28952
0.438642
0.293364
0.676782
0.50168
0.764044
0.283136
0.494
0.508906
1.02165
0.465992
0.341987
0.496747
0.283967
0.291074
0.480331
0.931883
0.283019
0.306129
0.476536
0.385272
1.10665
0.372444
1.09553
0.494421
0.444221
0.504324
0.550521
0.45463
0.291958
0.36705
0.655091
0.329087
0.279324
0.500653
0.309295
0.365417
0.367183
0.501816
0.288794
0.984152
0.518597
0.676741
0.340576
1.09522
0.488353
1.05018
1.18848
0.497541
0.319146
0.475708
1.00445
0.501745
0.500037
0.495819
0.495
0.341206
0.480009
0.496397
0.364474
0.500857
0.295006
0.691533
0.283687
1.09837
1.45978
0.446717
0.496779
0.280898
0.73283
0.379964
0.317701
0.913951
0.485141
0.458292
0.492436
0.281596
0.496863
0.495368
0.283429
0.317053
0.283785
0.288285
0.41517
0.31203
0.30982
0.495137
0.461289
0.329061
0.361293
1.09765
0.670307
0.491885
0.475858
0.362292
0.414207
0.332609
0.500649
0.501047
0.303577
0.529759
1.46885
0.301971
0.28216
0.314958
0.309604
0.434634
0.469039
0.590125
0.644501
0.810205
0.762414
1.34278
0.444139
0.280026
0.644155
0.289301
0.533866
1.03334
0.285026
0.403045
0.599617
0.513671
0.496501
0.323188
0.279937
0.291246
0.347996
0.772335
0.496982
0.524855
0.408365
0.28193
0.498906
0.783504
0.2945
0.287616
0.555108
0.490538
0.365607
0.808265
0.493209
0.515524
0.494978
0.49655
0.521294
0.451286
0.305365
0.494594
0.495842
0.339488
0.292123
0.777813
0.309452
0.286615
0.371518
0.478049
0.304579
1.32483
0.543417
0.34514
0.368591
0.392666
0.648821
1.76917
0.283044
0.340118
0.313733
1.04268
1.05271
0.820413
0.665525
0.489669
0.317011
0.503654
0.34983
0.417728
0.47295
0.40081
0.564111
0.418899
0.317867
0.289874
0.284226
0.492235
0.496811
0.315231
0.690294
0.539186
0.590977
0.430085
0.379664
0.292343
0.300451
0.494268
0.280403
0.415301
0.300713
0.498885
0.400626
0.28158
0.281509
0.618261
0.491225
0.328353
0.304029
0.561215
0.724234
0.402303
0.791819
0.535696
0.80819
0.496576
0.509433
0.525805
0.289329
0.524085
0.279203
0.335872
0.503052
3.83992
0.494833
0.496272
0.428923
0.397867
0.49035
0.307536
0.459709
0.285611
0.510612
0.279421
0.283131
1.29826
0.286395
0.280021
0.494656
0.337185
0.303678
0.454159
0.520471
0.326791
2.26532
1.18963
0.911943
0.316847
0.294991
0.492996
0.494497
0.383091
0.292089
0.715249
0.396535
0.431335
0.28809
0.283628
0.462096
0.312842
0.411272
0.296875
0.663739
0.429388
1.09187
0.589911
0.715404
0.400126
0.289151
0.436397
0.487069
0.52279
0.496262
0.412396
0.751409
0.502934
0.496325
0.924621
0.465491
0.310869
0.499193
0.28165
0.313248
0.490982
0.643574
2.62388
0.289695
0.505722
0.747959
0.356717
0.330668
0.499999
0.809725
0.334171
0.539275
1.44653
0.449243
1.48754
0.780854
0.45583
0.579281
0.533345
0.281037
0.301298
0.280126
1.13609
0.873518
0.626289
0.884894
0.489197
1.6683
0.500896
0.283174
0.293602
0.499042
0.417927
0.38296
0.444259
0.498321
0.323839
0.294031
0.494585
0.282754
0.328625
0.400802
0.513832
0.280926
0.339511
0.497788
0.451666
0.442212
0.489253
0.508558
0.639536
0.279366
0.28106
0.497985
0.823001
0.544808
0.496257
0.283632
0.301532
0.321527
0.299587
0.496224
0.468616
0.280483
0.291938
0.337954
0.397152
0.498323
0.282156
0.509657
0.494446
0.315358
1.23008
0.306747
0.280532
0.303696
0.501957
0.498654
0.3185
0.698064
0.493494
0.336399
0.494665
0.407282
0.518846
0.428186
0.345628
0.406582
0.502405
0.284722
0.307932
0.290949
0.451517
0.925318
0.651811
0.286696
0.290576
0.446681
0.48516
1.26394
0.288083
0.280428
0.280423
0.629588
0.42349
0.311902
0.337956
0.341442
0.309188
0.451655
0.471801
0.342605
0.60815
0.445465
0.402389
0.428479
0.492318
0.500023
0.468085
0.442951
0.28182
0.501822
0.285471
0.322645
0.279547
0.303571
0.325605
0.502855
0.786605
0.296142
0.391694
0.524411
0.49545
0.390551
0.895486
2.10376
0.560031
0.50258
0.49606
0.495314
0.812729
0.498312
0.358595
0.389357
0.291562
0.295288
0.494613
0.31308
0.303355
0.288265
0.500408
0.372579
0.294223
0.286136
0.497872
0.564292
0.310697
0.398933
0.281908
0.511547
0.279726
0.280585
0.404926
1.45311
1.55104
0.680101
1.0057
0.483269
0.636138
0.314296
0.288247
0.29642
0.770286
0.445874
0.391147
0.483587
0.453781
1.65087
1.36327
0.4996
0.497378
0.663151
0.490464
0.456279
0.367017
0.301845
0.50569
0.463092
0.490592
0.58305
0.299788
0.50275
0.282755
0.489623
0.280809
0.357847
0.403188
0.49673
0.993943
0.339631
0.281608
0.317756
0.285012
0.28761
0.408719
0.354682
0.753035
1.40977
0.319353
1.0192
0.500633
0.615965
0.495226
0.31745
0.445111
0.430793
0.491118
0.503028
0.531054
0.328146
0.672285
0.334787
0.935827
0.29799
0.502535
0.502446
0.315789
0.495109
0.499726
0.381873
0.493896
0.455342
0.351443
0.542482
0.500264
0.501567
1.25447
0.279728
0.546756
0.320012
0.744383
0.325328
0.326441
0.329524
0.289636
1.68839
0.886782
0.366571
0.840606
0.740863
0.62734
0.391095
1.84827
0.599582
0.290377
0.508783
0.337565
0.509711
0.473038
0.95911
0.390844
0.499242
0.497136
0.953389
0.486851
0.522616
0.402736
0.34031
0.308916
0.304713
0.620478
0.499981
0.304117
0.322661
1.15388
0.372381
0.52423
0.342341
0.338927
0.361389
0.929448
0.501066
0.557748
0.346439
0.445395
0.387005
0.495798
1.33731
0.491403
0.373588
0.311536
0.507314
0.311162
0.501957
0.279531
0.28551
0.284302
0.357905
0.58958
0.400624
0.305298
0.50059
0.981618
0.490553
0.285134
0.280342
0.49828
0.279714
0.289438
0.298467
0.495164
0.303253
0.279963
0.38208
0.530889
0.447098
0.859841
0.36247
0.357253
0.433769
0.456416
0.302759
0.473973
0.305782
0.291886
0.374131
0.499237
0.503371
0.455544
0.975608
0.438853
0.510171
0.279243
1.34956
0.606309
0.994258
0.497397
0.497416
0.310957
0.297099
0.289264
0.292577
0.30518
0.451651
0.334314
0.304297
0.28477
0.57952
0.497914
0.49663
0.500605
0.496474
1.31836
0.517081
0.317473
0.28038
0.344198
0.280369
0.532405
0.44756
0.282798
0.283461
0.300394
0.366281
0.286012
0.534801
0.282271
0.430975
0.487511
1.02418
2.24419
1.29225
0.365065
0.407883
0.307152
0.41847
0.339438
0.490725
0.521396
0.364171
0.282957
0.50111
0.497132
0.320407
0.532176
0.385478
0.805726
0.409114
0.321439
0.43748
0.459986
0.281011
0.459215
0.294448
0.310644
0.371424
0.367533
0.335931
0.910157
0.287767
0.478769
0.388768
0.286686
0.280526
0.283992
0.451196
0.313059
0.493017
0.410523
0.524151
0.299507
0.383134
0.453395
0.280897
0.4948
0.289743
0.907701
0.284397
0.290247
0.325622
0.295556
1.07736
0.338403
1.22316
0.27915
0.478556
0.33378
0.505094
0.286433
0.434776
0.417236
0.499835
0.295071
0.301689
0.327819
0.487533
0.489277
1.42339
0.295548
0.280936
2.43956
0.483539
0.489669
0.317011
0.503654
0.34983
0.417728
0.47295
0.40081
0.564111
0.418899
0.317867
0.289874
0.284226
0.492235
0.496811
0.315231
0.690294
0.539186
0.590977
0.430085
0.379664
0.292343
0.300451
0.494268
0.280403
0.415301
0.300713
0.498885
0.400626
0.28158
0.281509
0.618261
0.491225
0.328353
0.304029
0.561215
0.724234
0.402303
0.791819
0.535696
0.80819
0.496576
0.509433
0.525805
0.289329
0.524085
0.279203
0.335872
0.503052
3.83992
0.494833
0.496272
0.428923
0.397867
0.49035
0.307536
0.459709
0.285611
0.510612
0.279421
0.283131
1.29826
0.286395
0.280021
0.494656
0.337185
0.303678
0.454159
0.520471
0.326791
2.26532
1.18963
0.911943
0.316847
0.294991
0.492996
0.494497
0.383091
0.292089
0.715249
0.396535
0.431335
0.28809
0.283628
0.462096
0.312842
0.411272
0.296875
0.663739
0.429388
1.09187
0.589911
0.715404
0.400126
0.289151
0.436397
0.487069
0.52279
0.496262
0.412396
0.751409
0.502934
0.496325
0.924621
0.465491
0.310869
0.499193
0.28165
0.313248
0.490982
0.643574
2.62388
0.289695
0.505722
0.747959
0.356717
0.330668
0.499999
0.809725
0.334171
0.539275
1.44653
0.449243
1.48754
0.780854
0.45583
0.579281
0.533345
0.281037
0.301298
0.280126
1.13609
0.873518
0.626289
0.884894
0.489197
1.6683
0.500896
0.283174
0.293602
0.499042
0.417927
0.38296
0.444259
0.498321
0.323839
0.294031
0.494585
0.282754
0.328625
0.400802
0.513832
0.280926
0.339511
0.497788
0.451666
0.442212
0.489253
0.508558
0.639536
0.279366
0.28106
0.497985
0.823001
0.670307
0.491885
0.475858
0.362292
0.414207
0.332609
0.500649
0.501047
0.303577
0.529759
1.46885
0.301971
0.28216
0.314958
0.309604
0.434634
0.469039
0.590125
0.644501
0.810205
0.762414
1.34278
0.444139
0.280026
0.644155
0.289301
0.533866
1.03334
0.285026
0.403045
0.599617
0.513671
0.496501
0.323188
0.279937
0.291246
0.347996
0.772335
0.496982
0.524855
0.408365
0.28193
0.498906
0.783504
0.2945
0.287616
0.555108
0.490538
0.365607
0.808265
0.493209
0.515524
0.494978
0.49655
0.521294
0.451286
0.305365
0.494594
0.495842
0.339488
0.292123
0.777813
0.309452
0.286615
0.371518
0.478049
0.304579
1.32483
0.543417
0.34514
0.368591
0.392666
0.648821
1.76917
0.283044
0.340118
0.313733
1.04268
1.05271
0.820413
0.665525
0.369007
0.396307
0.511805
0.885536
1.21493
0.336091
0.4906
0.496673
0.335303
0.58659
0.315852
0.326816
0.279233
0.279959
0.311606
0.32249
1.31291
0.309668
0.345834
0.480344
0.46446
0.310916
0.469605
0.385359
0.368338
0.820792
0.279976
0.279241
0.525833
0.301571
0.326006
0.32013
0.296546
0.279329
0.323118
0.487158
0.970413
0.576694
0.497516
0.3041
0.343296
0.501171
0.29457
0.366146
0.280181
0.492938
0.48636
0.37869
0.347702
0.317055
0.40248
0.410289
0.296346
0.390286
0.511634
0.473104
1.28892
0.900853
0.905806
0.49935
0.501271
0.373197
0.496446
0.504205
0.331365
0.860853
0.374575
0.633218
0.291765
0.305075
0.549616
0.475676
0.501357
0.449039
0.389945
0.297076
0.430176
0.323565
0.497824
0.342433
0.281141
0.323932
0.308253
0.471877
0.349612
0.515667
0.399157
0.279809
0.284904
0.499526
0.53435
0.361563
0.34068
0.6085
0.926654
0.339958
0.319239
0.380341
0.320457
0.509217
0.427692
0.284336
0.328106
0.347342
0.436054
0.398541
0.503923
0.391676
0.341656
0.282467
0.28379
0.329624
0.494235
0.499631
0.566115
1.04194
0.283652
0.32874
0.279321
0.280683
0.290238
0.755154
0.536848
0.500581
0.317015
0.367199
0.33539
0.505645
0.289936
0.753358
0.635132
0.475734
0.65316
0.924862
0.981559
0.283985
0.397126
1.34051
1.06579
0.8082
1.26294
1.49226
1.51685
1.41877
1.39492
1.54137
0.492798
0.354792
0.500553
0.803368
0.495845
0.696644
0.57336
0.285638
0.285185
0.331676
0.769695
0.281595
0.301267
0.311219
0.279579
0.287095
0.360325
0.293049
0.4979
0.287085
1.4627
0.298683
0.283262
0.497656
0.462866
0.30546
0.33572
0.291908
0.283546
0.307964
0.667817
0.440689
0.327591
0.35359
0.318729
0.29518
0.299609
0.281554
0.493936
0.613916
0.295988
0.50259
0.318917
0.296536
0.493512
0.313635
0.2952
0.369479
0.478651
0.660907
0.856994
0.495298
0.281917
0.497029
0.2839
1.11082
0.447111
1.01114
0.578765
0.401052
0.413488
0.493715
0.313146
0.292582
0.495873
0.494148
0.366391
0.513213
0.499879
0.305459
1.17487
0.303801
0.305162
0.504136
0.503687
0.424213
0.359049
0.531104
0.413495
0.496458
0.39388
0.402483
0.292424
0.302783
0.5632
0.316599
0.284642
0.310339
0.793285
1.06876
0.4224
0.4784
0.504331
0.500906
0.317765
0.297733
1.87976
0.337556
0.281834
0.293134
1.33135
0.704001
0.540565
1.05446
0.414395
0.306718
1.10049
0.335792
0.377832
0.996145
0.294626
0.46506
0.32939
0.430653
0.429184
0.599946
0.990204
0.31303
0.501146
0.449844
0.307368
0.280903
0.498094
0.58324
0.284503
0.280193
0.285282
0.49979
0.332818
0.296585
0.287115
0.664626
0.324805
0.31171
0.472009
0.635933
0.294336
0.31531
0.339209
0.32631
0.501983
0.357823
0.28172
0.483656
0.343305
0.32342
0.338147
0.299764
0.320583
0.495868
0.291614
0.395985
0.495233
0.737439
0.392104
0.78127
0.294361
0.3333
0.339054
0.530651
0.862243
0.420149
0.462094
0.294811
0.317958
0.337076
0.354568
0.297368
0.468928
0.421185
0.328527
0.410079
0.359322
0.476773
0.283886
0.418987
0.502638
0.495731
0.491611
0.500942
0.500653
0.49202
0.507983
0.280829
0.292195
0.472022
0.505226
0.370509
0.322337
0.322077
0.290768
0.293172
0.281032
0.553322
0.291883
0.305809
0.280498
0.522013
0.385413
0.281807
0.321601
0.497782
0.363213
1.56438
0.498422
0.415137
0.555661
1.48325
1.62332
0.435017
0.498265
0.786595
0.575417
0.505142
0.389749
0.506591
0.290147
0.35002
0.968053
0.315271
0.280031
0.291815
0.439898
0.504317
0.494054
0.500533
0.291573
0.287623
0.400304
0.325718
0.351824
0.421545
0.282873
0.373783
0.420813
0.757555
0.925555
0.836155
0.49058
0.280252
0.282182
0.829109
0.460387
0.370807
0.283512
0.321956
1.00128
0.391206
0.449635
0.496086
0.31338
0.325128
0.53648
0.282839
0.364317
0.364112
0.298938
0.498603
0.299637
0.282688
0.315669
0.337154
0.489995
0.342964
0.318144
0.509343
0.492009
0.497684
0.337009
1.09932
0.509404
0.335485
0.343047
0.498396
0.733415
0.303198
0.307293
0.997593
0.293533
0.316876
0.497003
0.395247
0.323617
0.378371
0.366342
0.509583
0.489541
0.38487
0.31671
0.287492
0.30956
0.348119
0.287054
0.468493
0.409365
0.49555
0.963988
0.542071
0.758996
0.496058
0.458354
0.957991
0.751292
0.408688
0.498879
0.712563
0.497916
0.494784
0.524871
0.343283
0.281315
0.49383
0.598538
0.503396
0.544416
0.494645
0.317162
0.409337
0.490471
1.82729
0.298559
0.31042
0.279996
0.36145
1.05951
1.4845
0.467841
0.280911
0.495769
0.363444
0.560574
0.843849
0.526665
0.437679
0.460053
0.280019
1.2303
0.346259
0.498795
0.385956
0.885922
0.754631
0.592565
0.570502
0.313498
0.509533
0.441965
0.535674
0.993741
0.682451
0.571803
0.487039
0.490849
0.342181
0.281085
0.282723
0.859427
0.308294
0.640076
0.404093
0.623547
0.284316
0.382501
0.280886
0.43436
0.294891
0.320385
1.10983
0.279465
0.33263
0.305332
0.771025
0.281194
0.330665
0.501591
0.785577
0.793328
0.576272
0.500566
0.480655
0.374473
0.457106
0.291816
0.762617
0.497812
0.374701
0.519412
1.86124
0.499088
0.581888
0.531434
0.370624
1.02061
0.497754
0.493135
0.45749
0.370415
0.484182
0.437443
0.30993
0.39969
0.315512
0.845533
0.298301
0.744421
1.78648
0.303779
0.318183
0.954494
0.326707
0.502158
0.386319
0.331314
0.282936
0.421817
0.282318
0.396544
0.498406
0.293215
0.420565
0.498646
1.36397
0.547913
0.731176
0.297612
0.281197
0.498711
0.369899
0.490631
0.308958
0.479796
0.28549
0.309692
0.426991
0.387007
0.50007
1.00094
0.492794
0.335869
0.503204
0.794136
0.678518
0.494724
0.437331
0.34566
1.03734
0.938081
0.998643
0.377489
0.487162
0.336676
0.787964
0.918082
0.410088
0.34952
0.600159
0.315844
0.498926
0.499117
0.412804
0.403033
0.477801
0.290662
0.281921
0.306828
0.312776
0.494776
0.504507
1.08749
0.426525
0.550963
0.496686
0.300712
0.495218
0.305774
1.05287
0.83772
0.494234
0.282432
0.310394
0.326043
0.314667
0.721415
0.50097
0.31132
0.372802
0.29342
0.279284
0.492229
0.461553
0.504691
0.368012
0.496332
0.505316
0.408826
0.73287
0.351373
0.947171
0.30583
0.440203
0.28282
0.282739
0.529403
0.532874
0.356592
0.313822
0.317307
0.86476
0.305714
0.64246
0.834802
0.281019
0.339285
0.314643
0.696652
0.666501
0.497123
0.492992
0.506543
0.335192
0.499205
0.430447
0.492704
0.295918
0.410137
0.418056
0.496424
0.507721
0.333113
0.324877
0.491058
0.381356
0.375946
0.706068
0.416319
0.931712
0.325266
0.303332
0.348511
0.625151
0.357749
0.396361
0.558584
0.282914
0.553016
0.405246
0.497991
0.505242
0.504478
0.793942
0.525308
0.498242
0.333812
0.297137
0.296317
0.408627
0.455334
0.318483
0.298407
0.489943
0.281549
0.409157
0.282765
0.496797
0.286504
0.506021
0.468805
0.286156
0.501277
0.499841
0.353801
0.501302
0.378577
0.408056
0.497823
0.632837
0.507684
0.301257
0.418015
0.438282
0.35621
0.280197
1.2519
0.796578
1.07261
1.18327
0.474511
0.494198
0.502089
0.494126
0.496434
0.44729
0.296741
0.307806
0.284852
0.283058
0.286638
0.348188
0.494938
0.317988
0.293081
0.504199
0.304754
0.499215
0.74955
0.503894
1.37116
0.644718
1.05489
0.340345
0.347553
0.878647
0.447653
0.488505
0.52231
0.435545
0.280523
0.35957
0.280053
0.781201
0.321842
0.289249
0.310394
0.291697
0.406277
1.05149
0.284765
0.372968
0.295491
0.499053
0.303592
0.375271
0.379766
0.281007
0.291612
0.494101
0.291382
0.312578
0.495431
0.28975
0.494907
0.315786
0.282754
0.623962
0.450034
0.499241
0.414017
0.281235
0.358184
0.284367
0.763343
0.314991
0.354395
0.4268
1.0254
0.494601
0.496446
0.496346
0.49607
0.498413
0.413697
0.32131
0.511412
0.279254
0.384723
0.595057
0.32479
0.466101
0.503444
0.313114
0.500721
0.404763
0.502608
0.499423
0.514973
0.529266
0.359811
0.358925
0.341697
0.373959
0.310072
0.944126
0.869399
0.27978
0.526442
0.432858
0.559287
0.473461
0.369935
0.463564
0.490207
0.417484
0.490911
0.991549
0.784301
0.362166
0.671723
0.67386
0.499373
0.683793
0.389707
0.496756
0.3397
0.499835
0.292478
0.291723
0.367648
0.367634
0.318241
0.463923
0.329401
0.30076
0.499191
0.28117
0.321183
0.440018
0.460353
0.323167
0.502946
0.447594
1.34851
0.300836
1.0629
0.363265
0.776348
0.288049
0.479842
0.295703
0.287509
0.358128
0.438406
0.545346
0.290263
0.290319
0.297368
0.430548
0.501014
1.13202
0.444324
0.295941
0.31143
0.403645
0.494953
0.49614
0.491288
0.493897
0.703891
1.37982
0.334826
0.279501
0.287359
0.308612
0.494881
0.55172
0.285408
0.283864
0.280637
0.50393
0.361993
0.484669
0.695472
0.454821
0.502106
0.703705
0.299404
0.488156
0.283839
1.70164
0.324566
0.298069
1.35666
0.398664
0.354121
0.318718
0.292609
0.30914
0.355358
1.31402
0.500032
0.835491
1.11851
0.346104
0.293124
0.313231
0.374811
0.633608
0.490091
1.16545
0.285113
0.565503
1.02684
0.435479
0.508986
0.467059
1.19712
0.357807
0.464052
0.516354
0.505228
0.751507
1.88508
0.459012
0.501755
0.355929
0.383339
1.86619
0.526721
0.488369
0.503648
0.495081
0.434672
0.357314
0.430747
0.908174
1.10556
0.281562
0.501811
0.280608
0.463956
0.499891
0.348755
0.487979
0.54343
0.313458
1.43299
0.612688
0.297845
0.319092
1.50381
0.345964
0.805488
0.291878
0.495989
0.375438
0.334217
0.485971
0.508615
0.498923
0.505173
0.300712
0.293583
0.399375
0.379614
0.315108
0.280404
0.702852
0.385615
0.371306
0.293129
0.280577
0.497524
0.636413
0.492006
0.97652
0.573818
0.291728
0.287736
0.289214
0.323208
0.43859
0.321065
0.374131
0.359965
0.368089
0.357234
0.483372
0.383312
0.502094
0.280405
0.501559
0.379911
0.829164
0.452586
0.412581
0.375068
0.734759
0.363281
0.365542
0.499412
0.61897
0.407612
1.04597
0.439938
0.501106
1.50196
0.989441
0.499977
0.285081
0.503452
1.11288
0.500488
0.843162
0.29522
0.289357
0.601503
0.483577
0.546536
0.511114
0.900636
0.489968
0.589162
0.612342
1.12902
0.35686
0.361421
0.49763
0.343252
0.316634
0.366087
0.628679
0.393829
0.492392
0.345731
0.490804
0.489459
0.452834
0.424187
0.292712
0.289371
0.323032
0.408456
0.500126
0.904018
0.58815
0.300428
0.498945
1.01243
0.290052
0.279301
0.315529
0.346339
0.287415
0.41622
0.29034
0.280174
0.440015
0.639179
0.290703
0.522384
0.432926
0.310734
0.515284
0.939927
0.515121
0.339975
1.21172
0.477227
0.725287
0.499025
0.301948
0.311859
0.498738
0.828339
0.301801
0.499502
0.366279
0.306643
0.34555
0.469066
0.285661
0.697568
0.287006
0.288396
0.47929
0.430998
0.29777
0.502665
0.503437
0.420481
0.530826
0.525405
1.37876
0.405383
0.305175
1.03482
0.437436
0.300676
0.511489
0.496226
0.470216
0.395536
0.495063
0.467292
1.1434
0.601124
0.493355
0.498074
0.497923
0.326188
1.4702
0.479047
0.497853
0.931227
0.313711
0.289623
0.288846
0.497496
0.282392
0.287778
0.581548
0.308633
0.507788
0.370371
0.347855
0.290289
0.282378
0.436736
0.440754
0.375588
0.279833
0.282019
0.373566
0.436079
1.48305
0.499128
0.343951
0.505697
0.34157
1.54143
0.507984
0.339959
0.347954
0.372923
0.500537
0.28371
0.287045
0.282376
0.309943
0.493436
0.504012
0.339201
0.621055
1.0474
0.281839
0.479161
0.48003
0.295021
0.32219
0.526754
0.377067
0.279271
0.303979
0.355937
0.495113
0.916428
0.285077
0.289368
0.496957
0.462652
0.330952
0.279794
0.54938
0.488443
0.310173
0.349262
0.310282
0.497412
0.506719
0.34675
0.289495
0.388406
0.400729
0.50072
0.289926
0.499823
0.491156
0.350893
0.500902
0.490539
0.498722
0.497373
0.299489
0.493944
0.915575
0.447783
0.306367
0.325636
0.355348
0.284398
0.362461
0.494152
0.526384
1.69515
0.505865
0.369337
0.492963
0.492065
0.501641
0.529994
0.365311
0.453087
0.513702
0.952898
0.494098
0.349437
0.499014
0.285242
0.333421
0.323554
0.317837
0.3342
0.490616
0.367534
0.50242
0.28861
0.300881
0.953957
0.429319
0.336733
0.290343
0.531378
0.328496
0.49994
0.48296
0.301778
1.23753
0.294758
0.320085
0.50093
0.333508
0.498861
0.30035
1.34059
0.492551
0.797824
0.297306
0.474872
0.283294
1.06337
0.475187
0.429425
0.646175
0.3243
0.572819
0.747844
0.514498
0.516589
0.632074
0.423646
0.404073
0.571366
0.66019
0.578721
0.28139
0.500602
0.518008
0.523931
0.451258
0.539625
0.983963
0.472813
0.494648
0.381535
0.487344
1.05677
0.4828
0.507953
0.37428
0.280892
0.486749
0.280927
0.948711
0.281545
0.331884
0.284734
0.497327
1.04692
0.496616
1.20646
0.467691
0.474596
0.28039
0.39215
0.292224
0.364578
0.320931
0.492156
0.767056
0.575776
0.504249
0.501244
1.51429
0.393542
0.497635
1.34291
0.498366
0.549275
0.407466
0.321735
0.394427
0.288036
0.368933
1.01306
0.495474
0.497406
0.279146
0.489188
0.459513
0.288455
0.757742
0.496725
0.489309
0.282107
1.34849
0.497954
1.56362
0.305254
0.381854
0.421452
0.454066
0.370528
0.498228
0.34315
0.496875
0.498057
0.28834
0.554718
0.658857
0.504694
0.499977
0.346998
1.01394
0.29081
0.279211
0.436097
0.383535
1.10174
0.500563
0.504246
0.390769
0.503531
0.498324
0.443745
0.311534
0.482138
0.492867
0.359364
0.416916
0.73761
0.497313
0.326006
0.327937
0.339287
0.509896
0.28062
0.322294
0.303748
0.299234
0.532728
0.498781
0.300856
0.296851
0.30534
1.1997
0.428066
0.280276
0.503761
0.496027
0.35976
0.285603
0.335258
0.5106
0.436347
0.500507
0.37017
0.844046
0.688382
0.509364
0.943587
1.16584
0.28371
0.373558
0.50004
0.323247
0.503786
0.536531
1.03107
0.309472
0.32967
0.498509
0.372292
0.289632
0.312582
0.489651
0.322008
0.491754
0.50014
0.335749
0.284569
0.485758
0.897769
0.306748
0.503193
0.525264
0.403843
0.463702
0.311811
0.352739
0.806353
0.28712
0.435788
0.31239
0.282202
0.946263
0.403757
0.470331
0.780869
0.499475
0.281758
0.714967
0.399469
0.32281
0.338615
0.49141
0.382556
0.297387
0.293008
0.585438
0.329954
0.323362
0.314439
0.715748
0.542755
0.500136
0.296609
0.288261
1.33687
0.497457
0.282914
0.30515
0.323976
1.47122
0.297845
0.406223
0.495935
0.280089
0.52266
0.336461
0.298514
0.293224
0.343653
0.410796
0.282971
0.500946
0.529711
0.703873
0.626324
2.50108
0.927771
0.373659
0.484465
0.498924
0.408685
0.37954
0.561422
0.468239
0.399135
0.326304
0.35185
0.310908
0.496236
0.279863
0.302913
0.354128
0.43956
0.416496
0.501162
0.282281
0.342555
0.293647
0.445455
0.733686
0.284695
0.617015
0.502475
0.393259
0.316689
0.355876
0.413382
0.752596
0.493458
0.463874
0.37373
1.08739
0.325402
0.503178
0.362356
0.342224
0.561549
0.324511
1.4442
0.535357
1.38531
0.361344
0.453895
0.306196
0.489264
0.35621
0.342755
0.709832
0.562362
0.49609
0.308285
0.435244
0.414047
0.423142
0.629056
0.533427
0.304724
0.425059
0.731689
0.383888
0.415912
0.500708
0.290837
0.457188
1.16214
0.391457
0.330546
0.318881
0.492562
0.28005
0.281979
0.322935
0.302447
0.295574
0.607733
0.346243
0.666294
0.335966
0.34371
0.300764
0.390222
0.291252
0.492052
1.02318
1.04666
0.280291
0.856824
0.423888
0.416678
0.803771
0.623918
0.459676
0.298039
0.362636
0.495171
0.29141
0.366706
0.409794
0.296672
0.465323
0.283764
0.280932
0.283019
0.353323
0.281513
0.758594
0.290781
0.279285
0.450188
0.329075
0.36207
0.495591
0.426505
0.42262
0.486382
0.46968
0.290429
0.283143
0.492857
0.30008
0.279617
0.298882
0.78866
0.4563
0.307005
0.354005
0.862149
0.280396
0.489512
0.285073
0.281239
0.496264
0.500624
0.498942
0.535643
1.33142
0.486574
1.11646
0.496368
0.494265
0.32975
0.407361
0.284894
0.842946
0.410082
0.293272
0.29068
0.302083
0.316223
1.6837
0.300091
0.48076
0.499427
0.293726
0.292607
0.315178
0.501824
0.496137
1.14163
0.396278
0.530804
0.585127
0.360245
0.498068
0.287861
0.288983
0.374333
0.898129
0.323439
0.58027
0.28048
0.399542
0.34818
0.280319
0.416643
0.309728
0.38552
0.5041
0.462483
0.527319
0.721869
0.282258
0.474762
0.851726
0.293811
1.31243
0.390607
0.296319
0.83807
0.467838
0.999522
0.2859
0.412425
0.656395
0.487552
0.547679
1.67162
0.469416
0.495855
0.936564
0.432917
0.307228
0.455589
0.343792
0.350852
0.843592
0.287177
0.312207
0.490655
0.58598
0.285025
0.280172
0.392553
0.31633
0.33249
0.300387
0.349463
0.500338
0.29675
0.594183
0.346632
0.592857
0.500457
0.33583
0.457698
0.302455
0.427998
0.284934
0.30601
0.283022
0.280705
0.494212
0.297509
0.50564
0.284023
0.495987
0.413572
0.461776
0.29277
0.495868
0.818441
0.470651
0.28984
0.300936
0.397866
0.281569
0.32207
1.29482
0.407786
0.36963
0.551166
0.765442
0.402237
0.373857
0.363953
0.77447
0.493194
0.433438
0.447438
0.521662
1.04001
0.287705
0.299097
0.496444
0.495941
0.325446
0.282929
0.29108
0.302666
0.311684
0.281297
0.491173
0.340394
0.492694
0.291583
0.433525
0.297992
0.309078
0.283041
0.289744
0.318597
0.372464
0.361866
0.335735
0.38416
0.476816
1.20408
0.418102
0.357965
0.282487
0.378149
0.503191
0.287983
0.996998
0.492696
0.300201
0.337599
0.503686
0.413956
0.34201
0.374733
0.334466
0.370763
0.500979
0.89001
0.30537
1.55367
1.20656
0.301588
0.489993
0.383759
0.4259
0.342835
0.344601
0.415844
0.306004
0.281984
0.300219
0.365878
0.911147
0.882894
0.322244
0.391981
0.857481
0.29829
0.281176
0.282214
0.846949
0.355202
0.418725
0.445647
0.480922
0.772507
0.471993
0.317606
0.547572
0.318637
0.399661
0.445466
0.329429
0.494645
0.505416
1.58936
0.498736
0.418523
0.379451
0.493458
0.733359
0.500253
0.304106
0.292202
0.584608
0.549041
0.306266
0.322841
0.367751
0.462848
0.328729
0.301027
0.48974
0.327475
0.299173
0.488197
0.304539
0.330923
0.44025
0.311621
0.42562
0.502854
0.885946
1.06162
0.76774
0.952854
0.290825
0.280289
0.464115
0.339108
0.279433
0.4684
0.280944
0.473681
0.295525
0.931828
1.6644
1.42308
0.327035
0.495703
0.500977
0.705267
0.472197
0.279159
0.496153
0.305225
0.464898
0.328727
0.500122
0.290746
1.18078
0.495473
0.280294
0.443863
0.298243
0.976698
0.801205
0.304335
0.304442
0.507385
0.378404
0.469656
0.411592
0.425999
0.44064
0.34127
0.341874
0.51467
0.472665
0.82626
0.713128
0.872089
1.11512
1.93356
0.394811
1.73788
0.393035
0.497828
0.525093
0.348591
0.411371
0.520317
0.76829
0.299797
0.285002
0.281669
0.385811
0.301994
0.825528
0.307123
0.30383
0.40913
0.350685
0.618424
0.496563
0.501433
0.604438
0.364212
0.288993
0.416582
1.1283
0.343985
0.286188
0.317995
0.46907
0.389309
0.598896
0.441878
0.282622
0.500604
0.341853
0.500714
0.319317
0.436587
0.309045
0.332092
0.343132
0.490564
0.500505
0.40954
0.525323
0.47553
0.499234
0.279906
0.363645
0.316252
0.32511
0.280513
0.321644
0.396098
0.279641
0.293405
0.343985
0.388171
0.498902
0.38912
0.35267
0.347958
0.281095
0.445175
0.285587
0.781971
0.963395
0.505115
1.69644
0.50386
0.384225
0.392542
0.380284
0.428088
0.338227
0.408179
0.68207
0.355349
0.282612
0.871181
0.27933
0.294248
0.288243
0.348084
0.283274
0.332862
0.987842
0.345585
0.36643
0.511998
0.41072
0.676097
0.495338
0.388331
0.338615
0.280709
0.298459
0.433027
0.335805
1.1012
0.29099
0.496794
0.313612
0.495482
0.454134
0.387559
1.07868
0.330685
0.618798
0.464349
0.697281
0.382658
0.320693
0.290975
0.292804
1.97483
0.335588
0.279712
0.289399
0.289651
0.525851
0.291162
0.364523
0.498999
0.380848
0.443907
0.290884
0.332696
0.326639
0.342166
0.504062
0.499629
0.322779
0.282313
0.667557
0.498279
0.327066
0.393693
0.308499
0.504333
0.296137
0.28734
0.493283
0.290847
0.555283
0.528868
0.530059
0.285417
0.343616
0.345177
0.287394
0.290303
0.957745
0.28081
0.333253
0.344992
0.483059
0.287987
0.285564
0.500806
0.504261
0.485909
0.283242
0.303475
0.310796
0.285154
0.290236
0.32852
0.2818
0.502179
0.359595
0.309791
0.417092
0.495881
0.295869
1.3959
0.300121
0.63667
0.288544
0.318962
0.299517
0.503448
0.530559
0.493418
0.289675
0.375417
0.283007
0.298203
0.304673
0.282087
0.506867
0.290023
0.495403
0.359052
0.298426
0.501044
0.499576
0.383932
0.488994
0.592952
0.349103
0.45565
0.312364
0.530949
0.525448
0.501322
0.31589
0.6386
0.28578
0.502651
0.508799
0.282033
0.318508
0.684456
0.311207
0.319589
0.345531
0.493548
0.495485
0.333077
0.353415
0.303366
1.18964
0.314971
0.716037
0.502241
0.411611
0.279376
1.06937
0.555049
0.73296
0.399576
0.290375
