1.10532
1.12055
1.67512
1.11594
1.11606
1.09842
1.098
1.08384
1.21304
1.10374
1.7036
1.11278
1.31366
1.11656
1.12107
1.11564
1.11544
1.17763
1.09673
1.11641
1.58597
1.64612
1.10984
1.20453
1.13696
1.11424
1.31283
1.09607
1.18323
1.10356
1.23828
1.1156
1.20811
1.10344
1.11697
1.09009
1.09731
1.08133
1.1523
1.12667
1.61945
1.28699
1.39147
1.11562
1.35087
1.09857
1.09271
2.10569
1.39596
1.30139
1.17802
1.18207
1.09948
1.17529
1.08622
1.11345
1.27887
1.10932
1.12106
1.08102
1.69367
1.10836
1.11605
1.11682
1.11422
1.40766
2.36546
1.08741
1.07852
1.16976
1.07847
1.10069
1.10671
1.1669
1.1235
1.09522
1.3077
1.09548
1.10649
1.07791
1.08106
1.10535
1.116
1.23223
1.60019
1.70962
1.49529
1.117
1.09807
1.09353
1.10526
1.11329
1.17392
1.22183
1.09878
1.22947
1.11692
1.11432
1.11567
1.08192
1.17073
1.11722
1.11516
1.17078
1.46291
2.12131
1.72776
1.57247
1.11185
1.47999
1.11588
1.23951
1.11382
1.11795
1.10309
1.11443
1.11642
1.09635
1.08235
1.11666
1.46496
1.1207
1.15195
1.14486
1.16827
1.10029
1.09697
1.12879
1.14356
1.14405
1.14856
1.11427
1.15519
1.11043
1.08076
1.11447
1.08715
1.14525
1.08534
1.13314
1.13568
1.60241
1.63802
1.30548
1.17209
1.12457
1.09634
1.12321
1.09291
1.18503
1.12306
1.08736
1.11712
1.20536
1.10736
1.09483
1.11621
1.12058
1.1668
1.11562
1.09022
1.5413
1.11515
1.11507
1.5692
1.25139
1.07879
1.10017
1.08878
1.54116
1.11365
1.63599
1.10594
1.38581
1.21849
1.08366
1.23212
1.11889
1.10834
1.61023
1.59938
1.11317
1.11646
1.11645
1.7518
1.11455
1.08032
1.10796
1.08897
1.11744
1.12054
1.12948
1.11689
1.60418
1.11458
1.39263
1.19003
1.11691
1.11854
1.1165
1.09325
1.78436
1.11497
1.09562
1.09892
1.30039
1.28433
1.7621
1.13134
1.08914
1.77309
1.0854
1.77934
1.20057
1.08897
1.12695
1.09323
1.11589
1.11427
1.1577
1.08481
1.7446
1.18568
1.10082
1.21121
1.21234
1.11366
1.40783
1.11686
1.11199
1.15544
1.38413
1.12332
1.58879
1.6326
1.16854
1.11701
1.12731
1.16476
1.11556
1.37734
1.41612
1.10736
1.54462
1.216
1.87516
1.61599
1.11651
1.10262
1.58818
1.15045
1.1408
1.11347
1.11421
1.95403
1.57881
1.88537
1.11629
2.00775
1.09436
1.47638
1.10772
1.11437
1.71087
1.12668
1.1188
1.14835
1.1181
1.39756
1.09936
1.17781
1.11813
1.5351
1.16319
1.3514
1.11365
1.11516
1.11598
1.08569
1.12157
1.09826
1.0912
1.59929
1.10228
1.12045
2.11256
1.70308
1.11538
1.257
1.42772
1.11404
1.13926
1.11687
1.08586
1.13843
1.33668
1.11296
1.17576
1.11468
1.48755
1.55475
1.1506
1.1169
1.38152
1.11235
1.11705
1.17702
1.14457
1.10975
1.09448
1.61162
1.23722
1.11037
1.50209
1.22402
1.11736
1.09737
1.42024
1.30986
1.47074
1.0912
1.45342
1.12537
1.17543
1.16813
1.15237
1.0796
1.10189
1.11126
1.08631
1.32589
1.08397
1.17457
1.09412
1.13157
1.14851
1.1205
1.34788
1.18805
1.18949
1.7065
1.14775
1.10793
1.09163
1.11991
1.08181
1.79403
1.11616
1.14059
1.17561
1.11839
1.26607
1.11689
1.09345
1.09707
1.09736
1.11144
1.1293
1.0794
1.93815
1.19586
1.13585
1.70206
1.11499
1.08441
1.15132
1.37177
1.29019
1.13474
1.1489
1.12453
1.58828
1.12394
1.72673
1.68421
1.13807
1.0901
1.33893
1.25967
1.80199
1.25554
1.1154
1.87767
1.51552
1.14587
1.09971
1.11958
1.0876
1.25383
1.71212
1.13404
1.11458
1.1166
1.13706
1.11121
1.15018
1.41786
1.08966
1.11516
1.20346
1.11116
1.09857
1.11384
1.14677
1.10047
1.0813
1.22429
1.3359
1.24733
1.36137
1.08466
1.15017
1.13418
1.36291
1.35398
1.08576
1.92416
1.42312
1.13457
1.12198
1.26759
1.11558
1.13361
1.12829
1.11382
1.11569
1.11363
1.13236
1.12512
1.11426
1.0817
1.18824
1.10011
1.08414
1.90623
1.11853
1.45216
1.09478
1.17792
1.2062
1.80453
1.68938
1.37185
1.15813
1.76095
1.11655
1.11802
1.48049
1.32773
1.18073
1.2577
1.13765
1.7232
1.11801
1.11681
1.3632
1.24114
1.11853
1.16194
1.11406
1.79741
1.10074
1.08341
1.10016
1.13354
1.11637
1.46134
1.07931
1.18273
1.4091
1.73142
1.13596
1.47428
1.11529
1.29132
2.0272
1.11695
1.24158
1.11602
1.15078
1.79951
1.09664
1.24169
1.14155
1.08209
1.11279
2.94056
2.03982
1.08429
1.35859
1.15309
1.11841
1.95523
1.22084
1.49083
1.65989
1.1921
1.63248
1.20325
1.24535
1.09941
1.1595
1.15606
1.14889
1.11114
1.74421
1.15801
1.13471
1.51708
1.16946
1.17242
1.31763
1.09706
1.36002
1.17478
1.17001
1.55257
1.93495
1.1632
1.68362
1.15057
1.13464
1.53388
1.18435
1.14446
1.11495
1.27594
1.84522
1.10939
1.3964
1.09316
1.17147
1.17977
1.08675
1.11015
1.85301
1.08023
1.14314
1.25406
1.98677
1.1047
1.16136
1.56751
1.10273
1.08943
1.1056
1.08608
1.38926
1.1336
1.20687
1.38553
1.23018
1.09767
1.11651
1.11825
1.12437
1.11731
1.10733
1.08047
1.19525
1.16999
1.16622
1.1003
1.10856
1.09213
1.11689
1.55819
1.08657
1.18761
1.13142
1.32333
1.08682
1.15822
1.1115
1.12279
1.11467
1.29786
1.82538
1.4192
1.31388
1.13898
1.19872
1.11949
1.12993
1.12634
1.2136
1.71521
1.85314
1.13438
1.15863
1.09405
1.10858
1.40321
1.09049
1.20934
1.94187
1.11717
1.11613
1.16253
1.51481
1.15278
1.13899
1.12926
1.09314
1.13365
1.12562
1.2879
1.28176
1.07989
1.11409
1.08799
1.19329
1.15092
1.08806
1.08315
1.10155
1.83931
1.11392
2.28225
1.19912
1.08945
1.20194
1.11369
1.72258
1.11118
1.11516
1.63583
1.07923
1.11329
1.13427
1.30061
1.12152
1.11232
1.30622
1.2242
1.08521
1.12734
1.12079
1.10164
1.14491
1.33552
1.09818
1.11645
1.1533
1.43624
1.34811
1.11438
1.59366
1.16827
2.27251
1.11639
1.45706
1.11975
1.49589
1.11131
1.10687
2.00614
1.60354
1.31637
1.09028
1.09155
1.11014
1.2924
1.0806
1.42452
1.10987
1.10739
1.15038
1.09264
1.08693
1.10359
1.27016
1.25387
1.55298
1.29551
1.143
1.14469
1.12458
1.4097
1.09002
1.11194
1.2018
1.14963
1.10957
1.2009
1.74026
1.22743
1.09152
1.11808
1.21681
1.10275
1.1171
1.7661
1.10095
1.83999
1.08686
1.08792
1.11762
1.11537
1.11559
1.1314
1.11729
1.47109
1.33611
1.39175
1.47895
1.15252
1.11542
1.11656
1.77519
1.94657
1.285
1.20775
1.11561
1.08411
1.5565
1.35784
1.11312
1.09276
1.85075
1.53683
1.15807
1.097
1.11656
1.15405
1.18087
1.0982
1.11698
1.20499
1.20008
1.10624
1.24551
1.15271
1.09713
1.35544
1.09328
1.12244
1.08165
1.12262
1.7706
1.19158
1.11849
1.3723
1.64186
1.66255
1.10948
1.18242
1.14026
1.40584
1.11405
1.11271
1.11715
1.11622
1.40691
1.48784
1.11238
1.19011
1.26836
1.1383
1.18227
1.11051
1.10927
1.11685
1.11505
1.42239
1.11468
1.13863
1.11712
1.08469
1.23379
1.09057
1.12055
1.11633
1.11027
1.11539
1.22519
1.11557
1.115
1.26353
1.20217
1.1762
1.20883
1.15564
1.1285
1.11581
1.73695
1.42265
1.38647
1.11125
1.11156
1.15475
1.11608
1.12046
1.09863
1.08197
1.09678
1.29407
1.09236
1.99348
1.72441
1.24464
1.85634
1.14479
1.20524
1.08594
1.22577
1.16307
1.21691
1.08231
1.25437
1.0955
1.12362
1.08766
1.31233
1.11596
1.09368
1.08415
1.985
1.11528
1.24492
1.10435
1.11492
1.72217
1.45638
1.14913
1.48169
1.72501
1.74022
1.73633
1.60223
1.08439
1.08435
1.11754
1.15716
1.36116
1.19747
1.09025
1.10146
1.40813
1.2355
1.11667
1.15829
1.11476
1.11786
1.10559
1.09956
1.11638
1.11545
1.1129
1.60714
2.01855
1.1427
1.11401
1.50931
1.29842
1.09038
1.1273
1.08409
1.0889
1.35354
1.20698
1.11647
1.1059
1.1382
1.12681
1.69121
1.08251
1.13736
1.16271
1.28679
1.16769
1.9253
1.14291
1.09317
1.7535
1.10459
1.08866
1.11642
1.18274
1.11708
1.10315
1.48167
1.11746
1.20052
1.13013
1.14363
1.6874
1.11815
1.1465
1.10278
1.16462
1.32998
1.24182
1.49169
1.11692
1.16261
1.11723
1.16696
1.09196
1.32862
1.23768
1.09967
1.11052
1.09918
1.11006
1.25415
1.29479
1.12933
1.08039
1.0902
1.11712
1.09782
1.17755
1.09528
1.11667
1.20965
1.11234
1.13788
1.21932
1.69571
1.12491
1.09393
1.42645
1.20894
1.13258
1.10638
1.1154
1.3066
1.07825
1.23656
1.27279
1.10547
1.20437
1.08892
1.1464
1.37335
1.64366
2.731
1.11659
1.3736
1.54109
1.08101
1.10784
1.1125
1.08728
1.11868
1.17218
1.11696
1.47212
1.10081
1.14562
1.40977
2.01414
1.28091
1.09634
1.18516
1.43202
1.2848
1.23027
1.13245
1.09682
1.17038
1.0832
1.12211
1.09089
1.19855
1.08816
1.2652
1.09574
1.13865
1.31255
1.09503
1.88095
1.18273
1.46476
1.11886
1.51888
1.14829
1.08165
1.23579
1.73055
1.22155
1.11832
1.42197
1.0869
1.21447
1.13205
1.84536
1.11228
1.12158
1.68462
1.24695
1.11101
1.1841
1.20821
1.59508
1.10196
1.50008
1.53774
1.14615
1.44128
1.49665
1.14589
1.10857
1.66119
1.17619
1.1388
1.2358
1.08491
1.72522
1.12155
1.80103
1.10126
1.21839
1.0897
1.08552
1.07852
1.83315
1.11702
1.45884
1.22698
1.88582
1.16981
1.35069
1.13864
1.3033
1.13052
1.53274
1.68364
1.18823
1.13312
1.11248
1.09352
1.1083
1.10834
1.27338
1.86566
1.10263
1.10646
1.19504
1.16122
1.08263
1.09461
1.13258
1.38164
1.08116
1.79629
1.31196
1.59634
1.30367
1.14912
1.13822
1.30869
1.74365
1.11682
1.18641
1.44284
1.08162
1.1068
1.16303
1.4389
1.12723
1.30132
1.94387
1.08867
1.32608
1.26581
1.15166
2.17819
1.13975
1.1063
1.30377
1.19429
1.21983
1.11453
1.13082
1.09162
1.0858
1.20013
1.15117
1.17181
1.46918
1.08773
1.6373
1.21364
1.85203
1.44996
1.51065
1.36381
1.929
1.63494
1.69918
1.64951
1.09517
1.28241
1.1715
1.38014
1.11843
1.11993
1.11272
1.11714
1.11476
1.1352
1.20791
1.12022
1.53934
1.08972
1.11603
2.75528
1.25273
1.50445
1.11464
1.11949
1.24699
1.68895
1.12817
1.08563
1.22904
1.20859
1.20213
1.14201
1.0939
1.07909
1.11937
1.17387
1.42355
1.13229
1.12458
1.17822
1.35575
1.09102
1.13385
1.15877
1.14384
1.11782
1.48318
1.17112
1.08255
1.21291
1.20113
1.12607
1.25096
1.47137
1.68699
1.08702
1.14891
1.11454
1.11375
1.68514
1.28164
1.11377
1.11611
1.41765
1.83428
1.11388
1.11683
1.12484
1.50711
1.13635
1.0912
1.09638
1.11276
1.11658
1.13645
1.69709
1.09511
1.53107
1.15245
1.10242
1.75893
1.11265
1.2479
1.10753
1.15058
1.11553
1.09369
1.44369
1.12663
1.52186
1.08923
1.11528
1.38034
1.32948
1.14646
1.10178
1.71486
1.08604
1.09523
1.11626
1.08463
1.11737
1.10604
1.12803
1.38375
1.17398
1.09985
1.15339
1.92681
1.56529
1.45943
1.13537
1.61687
1.11467
1.13162
1.11283
1.10303
1.12769
1.54771
1.14324
1.11371
1.11448
1.11941
1.11425
1.21805
1.11524
1.11351
1.11728
1.17771
1.08938
1.11666
1.15057
1.11733
1.12301
1.08033
1.09508
1.92862
1.10927
1.15208
1.82816
1.16957
1.08903
1.20566
1.19721
1.1906
1.28754
1.70705
1.13965
1.26406
1.11548
1.10517
1.33312
1.12954
1.1053
1.59645
1.10405
1.08434
1.11463
1.36776
1.17853
1.10284
1.11635
1.57878
1.50418
1.18584
1.27838
1.92506
1.11486
1.13662
1.11831
1.6486
1.31824
1.42278
1.2027
1.47406
1.47265
1.11478
1.65014
1.08681
1.71587
1.44429
1.10878
1.45129
1.12535
1.10396
1.35439
1.144
2.02341
1.09319
1.43658
1.11479
1.11355
1.11506
1.20464
1.1059
1.16261
1.11371
1.08081
1.11964
1.85998
1.11752
1.62902
1.26138
1.33767
1.10845
1.50548
1.18428
1.75414
1.817
1.1594
1.11543
1.72399
1.18777
1.13414
1.15899
1.09333
1.11698
1.12715
1.58832
1.18097
1.63958
1.23727
1.11481
1.11083
1.34111
1.22109
1.30734
1.6465
1.19922
1.11805
1.78233
1.60056
1.10608
1.90897
1.34782
1.34755
1.19124
1.11646
1.1423
1.13566
1.08887
1.11902
1.63119
1.19179
1.12353
1.10242
1.60042
1.09957
1.11854
1.91414
1.15578
1.28199
1.11781
1.11697
1.3343
1.3107
1.10357
1.11292
1.25508
1.32246
1.79096
1.20599
1.1699
1.1162
1.20021
1.0868
1.47786
1.16898
1.40364
1.1272
1.08827
1.3827
1.17043
1.11744
1.20831
1.36329
1.07909
1.14404
1.11364
1.08196
1.25006
1.11653
1.1269
1.11271
1.13639
1.30548
1.14994
1.08729
1.14579
1.12136
1.12777
1.19041
1.208
1.11451
1.28571
1.10903
1.11779
1.12156
1.76818
1.13778
1.11597
1.16891
1.11446
1.29577
1.11791
1.11525
1.296
1.08177
1.0995
1.1172
1.52304
2.82807
2.00526
1.63267
1.0826
1.16896
1.08591
1.15875
1.07954
1.80576
1.13697
1.08569
1.10467
1.08995
1.30746
1.10251
1.54237
1.15124
1.12573
1.34788
1.19812
1.67278
1.14878
1.26165
1.33829
1.09128
1.51143
1.50831
1.50794
1.15009
1.43584
1.09682
1.11708
1.08781
1.10975
1.3603
1.11747
1.24856
1.20018
1.19671
1.47415
1.14707
1.11417
1.17899
1.12625
1.18183
1.74815
1.12097
1.7846
1.66498
2.42192
1.08898
1.27635
1.09046
1.21937
1.13189
1.1168
1.1913
1.18995
1.65422
1.74617
1.1533
1.75849
1.44775
2.5584
1.09551
1.11652
1.10454
1.08045
1.16483
1.77937
1.17739
1.18696
1.22494
1.22493
1.36124
1.36831
1.09983
1.09381
1.08331
1.08657
1.08943
1.22457
1.30396
1.59163
1.09433
1.21752
1.27377
1.18293
1.10126
1.28666
1.2803
1.3876
1.34872
1.11792
1.36567
1.53487
1.15823
1.23646
1.53202
1.11729
1.17534
1.07975
1.16021
1.12703
1.6785
1.22203
1.1322
1.08217
1.23256
1.11816
1.15187
1.07913
1.09371
1.15685
1.10747
1.10417
1.17912
1.08394
1.44757
1.4423
1.19565
1.2985
1.13632
1.12821
1.12431
1.19883
1.11574
1.64182
1.21919
1.53803
1.53749
1.11888
1.11712
1.08071
1.16856
1.21713
1.1559
1.09288
1.16147
1.10055
1.11506
1.08621
1.27382
1.10556
1.12659
1.11591
1.18597
1.11617
1.14951
1.13587
1.12414
2.86602
1.12418
1.12105
1.25829
1.11687
1.53375
1.11827
1.13434
1.23089
1.11699
1.11916
1.22289
1.1786
1.09034
1.12376
1.51068
2.00219
1.11799
1.28141
2.32825
1.30226
1.166
1.17622
1.09855
1.12693
1.12953
1.11641
1.11631
1.7555
1.11915
2.29272
1.21164
1.5224
1.11371
1.12084
1.12447
1.09323
1.36543
1.12071
1.1632
2.1845
2.08727
1.4187
1.208
1.11342
1.14662
1.14611
1.11616
1.47918
1.25667
1.14857
1.12389
1.83612
1.4158
1.09267
1.2947
1.12211
1.09302
1.11402
1.11729
1.1157
1.11654
1.11668
1.11466
1.14252
1.13216
1.25004
1.11337
1.11224
1.11519
1.07864
1.22691
1.30152
1.08307
1.15159
1.08375
1.09468
1.19007
1.11187
1.079
1.11466
1.13944
1.52736
1.13243
1.13818
1.11933
1.39503
1.14322
1.11742
1.13128
1.83457
1.09232
1.19036
1.25125
1.80125
1.11666
1.11235
1.11411
1.27463
1.08923
1.13427
1.40194
1.08241
1.17236
1.21618
1.11073
1.10695
1.08927
1.10352
1.62401
1.11553
1.10392
1.11601
1.13681
1.10036
1.14903
1.08547
1.12829
1.08893
1.80185
1.1168
1.11714
1.14484
1.16984
1.22185
1.1262
1.1143
1.09253
1.12751
1.11939
1.71215
1.84545
1.20267
1.30396
1.11537
1.11463
1.32321
1.11821
1.11816
1.19413
1.08922
1.19846
1.11805
1.08675
1.15816
1.11528
1.54492
1.09567
1.10127
1.11731
1.40998
1.11507
1.10384
1.69039
1.15712
1.11751
1.11504
1.1162
1.4097
1.11627
1.0813
1.10891
1.09903
1.10291
1.12183
1.17754
1.40033
1.08813
1.13244
1.65878
1.11667
1.11836
1.91361
1.1089
1.3448
1.13036
1.27456
1.16659
1.08919
1.52283
1.19248
1.09585
1.11674
1.69053
1.84903
1.19966
1.08022
1.16097
1.11528
1.19688
1.92683
1.11423
1.92642
1.17749
1.14948
1.57859
1.34593
1.48441
1.71726
1.24235
1.15385
1.0841
1.08866
1.0883
1.52483
1.56641
1.22961
1.07982
1.08794
1.91737
1.11299
2.36752
1.62634
1.13861
1.0871
1.16304
1.12609
1.52512
1.08772
1.11411
1.75863
1.25342
1.17399
1.71512
2.14558
1.31329
1.14635
1.0988
1.1143
1.10274
1.19384
1.09525
1.12245
1.27065
2.09757
1.11297
1.49558
1.1143
1.76009
1.7409
1.11588
1.48948
1.50489
1.12576
1.15839
1.11597
1.155
1.91041
1.11529
1.08273
1.11482
1.11596
1.11764
1.118
1.13935
1.12982
1.14162
1.0789
1.13793
1.15851
1.10625
1.14745
1.48136
1.10558
1.12468
1.21485
1.09129
1.14692
1.10069
1.17453
1.08578
1.15199
1.41947
1.09602
1.09047
1.11734
1.15839
1.11455
1.22604
1.09332
1.08047
1.35355
1.11691
2.01551
1.09003
1.10535
1.2842
1.1171
1.16619
1.32644
1.11677
1.11522
1.11576
1.25263
1.09341
1.10544
1.17336
1.12257
1.11639
1.14184
1.09711
1.82514
1.11339
1.18522
1.11682
1.23153
1.61228
1.16201
1.21512
1.78452
1.1213
1.68613
1.70882
1.30456
1.11558
1.40997
1.08729
1.08313
1.16984
1.16726
1.11621
1.16078
1.2598
1.23509
1.30949
1.11903
1.11054
1.11691
1.08266
1.1932
1.22118
1.11438
1.19878
1.1389
1.11917
1.6421
1.16077
1.11965
1.11751
1.15197
1.10553
1.32671
1.25451
1.14941
1.23739
1.1959
1.09153
1.1136
1.47345
1.12798
1.48013
1.75149
1.15409
1.10549
1.08921
1.15446
1.40068
1.60895
2.50715
1.58726
1.56546
1.15554
1.11628
1.11192
1.08452
1.11632
1.10746
1.16806
1.34378
1.4991
1.47585
1.47462
1.08249
1.12387
1.12001
1.1173
1.18913
1.1526
1.08701
1.28059
1.18543
1.17128
1.08429
1.1287
1.09444
1.11633
2.11744
1.20221
1.60646
1.13859
1.08871
1.12087
1.08335
1.07978
1.09349
1.26333
1.27116
1.08776
1.23724
1.24357
2.0119
1.17234
1.11593
1.19302
1.75335
1.10795
1.10644
1.17009
1.10076
1.10734
1.29544
1.32511
1.66663
1.08201
1.0943
1.10438
2.0098
1.10956
1.26684
1.52284
1.47317
1.12915
1.14246
2.06503
1.22246
1.74347
1.43301
1.09674
1.24923
1.14498
1.11088
1.09156
1.09752
1.09596
1.14269
1.22875
1.10916
1.21
1.25361
2.04703
1.51318
1.19516
1.08665
1.08664
1.09313
1.11678
1.1527
1.17732
1.12806
1.22505
1.15455
1.14452
1.63856
1.09302
1.494
1.1156
1.16319
1.11762
1.13703
1.09215
1.117
1.68934
2.25013
1.14619
1.11638
1.63751
1.7181
1.10174
1.14015
1.13341
1.11491
1.12502
1.11562
1.12085
1.39296
1.17617
1.2394
1.29273
1.10455
1.08924
1.11808
1.58988
2.54574
1.12257
1.12635
1.08702
2.48299
1.46864
2.22729
1.11663
1.10735
1.13236
1.68213
1.11981
1.60313
2.04681
1.10006
1.31704
1.25488
1.10532
1.67781
1.07977
1.09901
1.45426
1.37644
1.11603
1.16664
2.34086
1.16086
1.10733
1.3531
1.55035
1.11177
1.58781
1.7237
1.13713
1.11685
1.16204
1.11583
1.1161
1.11569
1.23267
1.51216
1.1159
1.4475
1.73691
1.10779
1.12602
1.11245
1.08653
1.11597
1.12104
1.12905
1.26089
1.34034
1.36923
1.1101
1.1073
1.15971
1.08248
1.0939
1.0813
1.16147
1.14089
1.23243
1.14859
1.16136
1.10894
1.14735
1.09459
1.10819
1.11788
1.22008
1.08326
1.07955
1.54073
1.11394
1.18612
1.09581
1.08848
1.41685
1.23874
1.08135
1.85912
1.09818
1.10088
1.09191
1.13338
1.23352
2.11782
1.08444
1.18475
1.12448
1.18674
1.11547
1.08798
1.11643
1.37414
1.11481
1.15522
1.11618
1.44365
1.16376
1.13728
1.39478
1.11706
1.10675
1.10217
1.15264
1.13518
1.48773
1.39254
1.25314
1.10598
1.98502
1.14972
1.09143
1.28302
1.11071
1.11294
1.37028
1.11432
1.10242
1.10528
1.12219
1.70571
1.62942
2.52866
1.1166
1.1181
1.17332
1.094
2.051
1.09425
1.1084
1.11593
1.11523
1.14811
1.15407
1.08949
1.42147
1.37
1.11449
1.11841
1.40309
1.12845
2.00699
1.2842
1.52673
1.12913
1.10189
1.18069
1.1495
1.11778
1.12537
1.44409
1.11751
1.16985
1.13363
1.11328
1.11368
1.08642
1.12766
1.08173
1.11584
1.1062
1.13138
1.3688
1.13253
1.19597
1.11148
1.20342
1.25819
1.14399
1.53218
1.25503
1.39097
1.10895
1.44362
1.19118
1.1572
1.14958
1.08055
1.1124
1.115
1.66549
1.11572
1.0848
1.58793
1.12176
1.68064
1.24512
1.14546
1.21767
1.14363
1.17482
1.11618
1.17462
1.10434
1.09631
1.57677
1.186
1.25104
1.10595
1.08166
1.11582
1.62276
1.12361
1.13511
1.0815
1.1869
1.09674
1.53934
1.11603
1.08066
1.1036
1.66631
1.14154
1.18587
1.10816
1.08861
1.09919
1.82763
1.13103
1.37473
1.10107
1.16797
1.19473
1.07867
1.11517
1.22833
2.37393
1.14612
1.1285
1.11181
1.23139
1.38662
1.32594
1.08954
1.11714
1.3471
1.15281
1.08473
1.71044
1.49849
1.34237
1.11228
1.093
1.42643
1.76021
1.40831
1.69288
1.27173
1.10305
1.41544
1.31117
1.36848
1.17451
1.10925
1.64314
1.10659
1.54174
1.12858
1.36377
1.15421
1.08308
1.24109
1.34908
1.28969
2.28643
1.18437
1.40959
1.10319
1.28311
1.13811
1.13029
1.14546
1.18026
1.82637
1.1569
1.10583
1.27783
1.09353
1.11012
1.13951
1.091
1.42248
1.08796
2.0982
1.89991
1.22163
1.5994
1.14796
1.11553
1.99472
1.75689
1.30739
1.7471
1.35696
1.09236
2.0112
1.13667
1.47802
1.29189
1.5654
1.1518
1.11943
1.11291
1.17748
1.32611
1.1235
1.14192
1.14996
1.10832
1.12029
1.10212
1.19795
1.73509
1.28004
1.25358
1.18558
1.10631
1.72405
1.11194
1.63092
2.32497
1.20509
1.16986
1.18901
1.18544
1.29424
1.20878
1.17363
1.20469
1.1594
1.18847
1.0874
1.75372
1.35582
1.21067
1.47386
1.14598
1.18478
1.11978
1.11238
1.13567
1.26151
1.82787
1.17052
1.33679
1.44356
1.09158
1.1131
1.09276
1.59123
1.23442
1.24363
1.24673
1.75734
1.10926
1.18312
1.43799
1.37757
1.10284
1.11607
1.80518
1.46841
1.1117
1.2311
1.32924
1.15017
1.12861
1.44297
1.20877
1.11913
1.15279
1.69926
1.95019
1.13004
1.25107
1.2948
1.11838
2.09407
1.20635
1.20826
1.4558
1.36091
1.30736
1.20188
1.24432
1.10151
1.14574
1.15926
1.21909
1.14187
1.10993
1.11995
1.14129
1.1151
1.18929
1.082
1.09188
1.0872
1.11797
1.57407
1.08143
1.13501
1.5975
1.67241
1.11452
1.1186
1.11888
1.11444
1.11431
1.07882
1.42072
1.31539
1.11603
1.09742
1.11556
1.11665
1.11512
1.15392
1.07791
1.5912
1.09143
1.10117
1.10983
1.78871
1.39517
1.10789
1.08576
1.51599
1.08847
1.11321
1.19299
1.16511
1.17002
1.14868
1.56747
1.0891
1.56374
1.20464
1.18377
1.16195
1.15003
1.11733
1.2288
1.08352
1.91514
2.63819
1.09793
1.11413
1.74741
1.54958
1.12214
1.19406
2.38045
1.09149
1.2611
1.11443
1.1182
1.25381
1.11596
1.10967
1.1332
1.11474
1.15405
1.08736
1.16461
1.27412
1.08422
1.11585
1.11567
1.11071
1.20284
1.1123
1.4026
1.32693
1.17058
1.32225
1.10906
1.39432
1.14539
1.18866
1.09782
1.09139
1.09046
1.11397
1.11543
1.24768
1.115
1.11262
1.37243
1.21714
1.35788
1.13982
1.9254
1.11368
1.63039
1.09516
1.42582
1.11513
1.11599
1.48911
1.16886
1.10886
1.46426
1.16467
1.12992
1.11607
1.26574
2.63891
1.21388
1.14517
1.15426
1.40476
1.79648
1.11631
1.11872
1.17257
1.11844
1.21936
1.93778
1.19573
1.6732
1.09088
1.16139
1.12508
1.08836
1.08151
1.1511
1.12861
1.08393
1.12057
1.15671
1.21525
1.11845
1.2235
1.12106
1.12077
1.10818
1.50245
1.23436
1.41803
1.28355
1.47838
1.11825
1.11681
1.08131
1.30721
1.36461
1.11461
1.12723
1.16287
1.15664
1.14218
1.07851
1.11642
1.11666
1.19743
1.11169
1.16074
1.11576
1.3142
1.10985
2.05736
1.81267
1.11398
1.11651
1.3124
1.20977
1.10609
1.09762
1.10749
1.56381
1.11754
1.16764
1.55556
1.68406
1.10864
1.51165
1.46854
1.11851
1.17202
1.11257
1.37001
1.37855
1.11771
1.15526
1.11587
1.14477
1.08118
1.11521
1.22795
1.11564
1.27067
1.61108
1.14894
1.12493
1.15785
1.10319
1.07986
1.08429
1.08233
1.68878
1.63882
1.09177
1.11475
1.08395
1.15511
1.10805
1.91506
1.1041
1.17714
1.47845
1.0878
1.09013
1.11619
1.1856
1.09687
1.13365
1.413
1.64506
1.99962
1.11634
1.1704
1.1252
1.11411
1.12882
1.11702
1.11506
1.15717
1.69181
1.1334
1.22549
1.22652
1.09092
1.34951
1.13502
1.13514
1.11156
1.14286
1.10074
1.10099
1.21403
1.17754
1.10836
1.08183
3.80903
1.21306
1.24499
1.09362
1.11667
1.11858
1.08661
1.49661
1.15399
1.12234
1.20436
1.1112
1.11892
1.78338
1.09334
1.09784
1.42018
1.11542
1.08747
1.0902
1.70782
1.55807
1.85522
2.14958
1.10206
1.16585
1.08351
1.12306
1.84864
1.12304
1.56309
1.45407
1.15762
2.00993
1.62139
1.11406
1.16925
1.12494
1.14255
1.12254
1.11071
1.08508
1.114
1.10908
1.49003
1.10357
1.09788
1.1191
1.18291
1.26462
1.27431
1.10877
1.11787
1.16779
1.08485
1.11382
1.15811
1.54134
1.11374
1.17082
1.17587
1.79278
1.08433
1.53596
1.11136
1.73263
1.15963
1.08101
1.18181
1.17524
1.08275
1.11679
1.45908
1.13524
1.48394
1.12797
1.25017
1.08306
1.10369
1.115
1.08521
1.28773
1.11005
1.11611
1.11684
1.08617
1.20869
1.11771
1.87061
1.84353
1.16225
1.11624
1.31024
1.46725
1.51493
1.10358
1.18095
1.90629
1.55829
1.1176
1.09667
1.14255
1.11756
1.96706
1.52705
1.10499
1.15879
1.09511
1.09412
1.09814
1.08062
1.9923
1.24261
1.11758
1.14611
1.12684
1.33686
1.1156
1.09276
1.09431
1.11985
1.19505
1.67865
1.11872
1.09473
1.09911
1.09464
1.17595
1.12902
1.12084
1.11269
1.10835
1.09119
2.19091
1.13069
1.3629
1.36221
1.32969
1.15181
1.22869
1.1601
1.11118
1.11728
1.09499
1.41549
1.61946
1.11392
1.11561
1.08926
1.1141
1.11974
1.17278
1.14498
1.73389
1.53774
1.21579
1.205
1.11573
1.09817
3.87741
1.13436
1.33249
1.09689
2.01968
1.09812
1.09531
1.30229
1.14149
1.69574
1.10118
1.5886
1.21247
1.22886
1.10392
1.60134
1.28922
1.38232
1.43586
1.185
1.15244
1.09628
1.51501
1.18945
1.27941
1.13743
1.40084
1.1582
1.77777
1.56437
1.16889
1.12732
1.07826
1.19697
1.13308
1.35923
1.11409
1.13833
1.12226
1.13408
1.0972
1.09926
1.11111
1.28203
1.09351
1.10921
1.08216
1.12665
1.47415
1.09045
1.43527
1.09572
1.10898
1.12669
1.14454
1.08211
1.14366
1.09331
1.11212
1.108
1.09642
1.08254
1.08281
1.11823
1.1461
1.49122
1.12761
1.13583
1.22607
1.11731
1.11651
1.16492
1.59506
1.51701
1.35256
1.11805
1.15906
1.62567
1.58418
1.09217
1.11774
1.18507
1.13278
1.11135
2.25356
1.12822
1.11473
1.34328
1.1161
1.09976
1.11588
1.29678
1.11277
1.33281
1.43732
1.17183
1.1532
1.12974
1.12192
1.08935
1.25423
1.11798
1.22572
1.12371
1.26907
1.11637
1.10593
1.16816
1.12492
1.3126
1.55517
1.29623
1.11736
1.09652
1.16021
1.14863
1.12909
1.08196
1.11786
1.41564
1.11655
1.66774
1.10916
1.11539
1.15836
1.09515
1.11642
1.11649
1.28647
1.244
1.1173
1.33482
1.29997
1.12208
1.1253
1.16224
1.13321
1.11571
1.11426
1.26434
1.10669
1.46086
1.11603
1.09172
1.11587
1.57987
1.08383
1.11583
1.0883
1.18017
1.16214
1.47582
1.1208
1.11895
1.80689
1.11981
1.12908
1.10575
1.09993
1.16688
1.14445
1.68057
1.69783
1.09701
1.11392
1.4111
1.93857
1.80698
1.33743
1.25353
1.10513
1.10528
1.41622
1.70462
1.09017
1.26019
1.1494
1.11054
1.11896
1.85637
1.09141
1.09818
1.08456
1.09533
1.09276
1.09152
1.11559
1.38479
1.84495
1.64958
1.15283
1.61752
1.16701
1.11444
1.2268
2.69952
1.11703
1.08711
1.94612
1.11446
1.10438
1.56843
1.42394
1.11477
1.11836
1.12936
1.11658
1.11598
1.11638
1.10765
1.12178
1.34137
1.15088
1.14702
1.08383
1.1161
1.11458
1.08886
1.11668
1.13044
1.47238
1.0954
1.11643
1.21343
1.10673
1.1116
1.12358
1.39203
1.20268
1.11538
1.28375
1.11675
2.47926
1.10069
1.11421
1.15128
1.17632
1.56683
1.1091
1.1153
1.09072
1.13297
1.1825
1.08054
1.1195
1.5767
1.11365
2.44109
1.52529
1.2435
1.11844
1.11554
1.25165
1.11813
1.13429
1.18304
1.07922
1.13288
1.17153
1.094
1.08084
1.12826
1.08777
1.1252
1.14949
1.1182
1.35052
1.09468
1.11342
2.20683
1.14807
2.25483
1.09913
1.09639
1.0802
1.14112
1.3968
1.1157
1.1018
1.11774
1.14142
1.10336
1.11109
1.52652
1.09927
1.12211
1.10317
1.7455
1.14832
1.4693
1.10938
1.14194
1.71751
1.17277
1.17846
1.14146
1.35558
1.16771
1.15117
1.88934
1.11693
1.11184
1.12595
1.11596
1.32036
1.11573
1.1197
1.11719
1.35252
1.14203
1.21029
1.90856
1.17691
1.12566
1.11882
1.11553
1.08824
1.88775
1.30875
1.18116
1.11375
1.12756
1.1275
1.08051
1.17157
1.14858
1.15485
1.40138
1.15347
1.11704
1.35667
1.09715
1.11731
1.09072
1.15318
1.08936
1.16507
1.10315
1.10785
1.09061
1.14291
1.20867
1.13225
1.0885
1.33215
1.76306
1.12031
1.10974
1.17545
1.31136
1.11383
1.43215
1.15287
1.09872
1.09565
1.61691
1.11758
1.11025
1.1346
1.11639
1.16085
1.11516
1.42816
1.11225
1.13444
1.98633
1.68961
1.10788
1.3635
1.14711
1.31343
1.48693
1.47507
1.10598
1.31728
1.26651
1.7969
1.10563
1.19102
1.33166
1.10273
1.33497
1.21104
1.16569
1.33397
1.18299
1.24915
1.1139
1.16569
1.11572
1.11716
1.12103
1.14036
1.11597
1.66667
1.09871
1.24696
1.45799
1.73087
1.11352
1.1183
1.11475
1.89082
1.11605
1.13358
1.11809
1.0914
1.11954
1.66203
1.13839
1.30615
1.11597
1.18073
1.11762
1.08707
1.0829
1.13024
1.13252
1.10633
1.118
1.12972
1.12445
1.15016
1.4924
1.09552
1.09327
1.11582
1.11265
1.2578
1.15536
1.11855
1.50847
1.09953
1.16304
1.08904
1.13393
1.09643
1.10785
1.14769
1.32887
1.12835
1.12263
1.09803
1.15813
1.15874
1.16512
1.07884
1.16348
1.12981
1.67152
1.11677
1.27521
1.08557
1.10118
1.11293
1.96472
1.35276
1.17907
1.62629
1.12694
1.09474
1.77683
1.3163
1.19446
1.10253
1.14508
1.67133
1.15576
1.54147
1.27187
1.09513
2.04063
1.08215
1.44064
1.09111
1.08187
1.10057
1.16579
1.1218
1.21926
1.07957
1.20422
1.09677
1.10344
1.09448
1.07913
1.23452
1.08301
1.16908
1.48745
1.60362
1.65985
1.10185
1.11251
1.1937
1.08751
1.1108
1.10786
1.09465
1.52604
1.12028
1.21141
1.08954
1.33376
1.08159
1.10532
1.41269
1.13463
1.14487
1.11445
1.08019
1.11616
1.6513
1.16983
1.11556
1.15939
1.09989
1.08852
1.18274
1.55418
1.09768
1.65499
1.23992
1.31203
1.12302
1.1026
1.37816
1.26916
1.12705
1.12506
1.13978
1.19861
1.10676
1.16644
1.35976
1.14441
1.12186
1.11584
1.11699
1.10709
1.0843
1.54901
1.08202
1.115
1.39196
1.31127
1.6319
2.00333
1.175
1.10469
1.22776
1.08417
1.25599
1.2882
1.29631
1.30961
1.08743
1.10012
1.12361
1.14178
1.7652
1.12171
1.44763
1.12379
1.22186
1.10262
1.08839
1.09118
1.10057
1.23325
1.11635
1.16571
1.15321
1.11306
1.10066
1.11472
1.19846
1.08721
1.11586
2.53437
1.76188
1.13449
1.61613
1.11465
1.71646
1.11549
1.08576
1.15544
1.11814
1.0846
1.10619
1.62836
1.62168
1.11584
1.6598
1.66955
1.16496
1.21208
1.12882
1.10604
1.09917
2.28087
1.12737
1.14118
1.11355
1.95076
1.68944
1.33321
1.11305
1.10296
1.42009
1.57796
1.5897
2.32052
1.45519
2.09698
1.32922
1.32274
1.1156
1.31092
1.11212
1.09354
1.1919
1.21456
1.11405
1.07844
1.11789
1.70322
2.33497
1.45158
1.13992
1.92697
1.0958
1.10283
1.10825
1.1898
1.23442
1.07869
1.31549
1.25162
1.62749
1.1166
1.11414
1.10323
1.11415
1.14447
1.11682
1.13435
1.13522
1.13384
1.09883
1.08594
1.14514
1.31962
1.09085
1.63701
1.11506
1.20382
1.11751
1.13838
1.44111
1.16031
1.14531
1.22606
1.30797
2.40872
1.89272
1.13872
1.08886
1.19724
1.11729
1.08216
1.11513
1.16922
1.11446
1.11466
1.10147
1.16726
1.08062
1.11759
1.19329
1.079
1.14348
1.09583
1.33204
1.09236
1.10624
1.33701
1.15225
1.21876
1.27473
1.35682
1.18607
1.20165
1.74482
1.80732
1.10525
1.16437
1.366
1.09282
1.11836
1.13238
1.08954
1.16043
1.09361
1.55406
1.11916
1.09462
1.40703
1.10418
1.16481
1.09037
1.07917
1.11825
1.11127
1.11834
1.75232
1.09391
2.34722
1.11505
1.22791
1.09529
1.1068
1.09288
1.09704
1.09614
1.40988
1.11635
1.1055
1.20601
1.27228
1.70479
3.24462
1.11688
1.72182
1.11141
1.18089
1.185
1.67899
1.51982
1.0954
1.23037
1.1412
1.15675
2.69982
1.52917
1.21158
1.09859
1.11946
1.2104
2.33382
1.75171
1.27078
1.14033
1.13719
1.20438
1.08003
1.45375
1.1121
1.18452
1.09636
1.12394
1.62495
1.12145
1.14462
1.20969
1.09415
1.11839
1.37525
1.14292
1.11906
2.05145
1.4117
1.1101
1.11753
1.11906
1.089
1.20175
1.49634
1.08381
1.07957
1.24734
1.19698
1.57927
1.10776
1.11832
2.31548
1.14579
1.11922
1.08448
1.09402
1.11244
1.09587
1.12622
1.22014
1.16502
1.23691
1.19129
1.15505
1.07915
1.09517
1.12837
1.14391
1.08104
2.21637
1.08975
1.49174
1.09358
1.17311
2.03061
1.3292
1.78085
1.08406
1.08876
1.35016
1.24718
1.08839
1.82014
1.1181
1.08216
1.40889
1.11564
1.08579
1.17969
1.11352
1.11592
1.09791
1.11038
1.1644
1.1081
1.19923
1.1611
1.11081
1.47854
1.11968
1.1195
1.14037
1.10393
1.89186
1.11258
1.11653
1.11893
1.33696
1.09401
1.41657
1.11796
1.14626
1.15844
1.71516
1.13432
1.11195
1.08513
1.08267
1.1531
1.11725
1.09061
1.35944
1.11711
1.51185
1.12479
1.1044
1.11365
1.78798
1.59786
1.12276
1.11285
1.12998
1.11267
1.07856
1.54025
1.73794
1.20837
1.33133
1.11681
1.39299
1.08391
1.09539
1.08786
1.17481
1.09033
1.6453
1.11413
1.08807
1.07977
1.1073
1.63849
1.9831
1.37155
1.14598
1.13835
1.20937
1.11238
1.11707
1.84353
1.19936
1.23839
1.24426
1.13136
1.11574
1.08477
1.13482
1.11921
1.48502
1.11428
1.17509
1.09046
1.12583
1.1186
1.1793
1.14038
1.11556
1.21662
1.14734
1.0853
1.11646
1.16075
1.0985
1.99613
1.26032
1.93909
1.11971
1.12197
1.47976
1.08535
1.11624
1.46444
1.07933
1.15919
1.09447
1.65086
1.11657
1.11449
1.30383
1.11723
2.13602
1.11435
1.21418
1.11436
1.27738
1.1185
1.13916
1.17757
1.25054
1.08855
1.63472
1.11351
1.56513
1.14696
1.55392
1.1276
1.26935
3.09983
1.37373
1.12328
1.82759
1.12039
1.18318
1.12054
1.09626
1.11639
1.21577
1.09412
1.82571
1.228
1.65821
1.40674
1.16715
1.11597
1.11272
1.08697
1.58901
1.11536
1.09902
1.1476
1.28865
1.34057
1.48804
1.40648
1.17649
1.09553
1.13117
1.11654
1.11368
1.50991
1.11298
1.11292
1.11188
1.1984
1.1309
1.11551
1.09035
1.11945
1.1162
1.35111
1.11492
1.13237
1.17795
1.11557
1.13504
1.45956
1.5793
1.07963
1.14916
1.10157
1.11454
1.22858
1.14758
1.11436
1.10673
1.12129
1.0892
1.15511
1.1158
1.3103
1.09208
1.08498
1.0807
1.16982
1.16698
1.22619
1.52824
1.7675
1.09846
1.10261
1.52064
1.11269
1.51073
1.11627
1.2031
1.23056
1.11477
1.09764
1.24634
1.0863
1.08373
1.09854
1.15391
1.18161
1.12361
1.17946
1.21068
1.10063
1.11721
1.17784
1.11668
1.14172
1.15505
1.15393
1.2653
1.2143
1.29006
1.13417
1.21542
1.4009
1.37807
1.11295
1.76348
1.19196
1.1072
1.14514
1.22537
1.3397
1.1188
1.11928
2.68113
1.88858
1.10507
1.11689
1.22443
1.49677
1.08811
1.098
1.26068
1.2154
1.07965
1.08219
1.12758
1.09472
1.0988
1.17528
1.09647
1.13753
1.77848
1.11573
1.11783
1.10041
1.2851
1.69891
1.19144
1.42358
1.11334
1.14074
1.19903
1.22534
1.13115
1.1757
1.21214
1.11103
1.09356
1.09959
1.14295
1.11453
1.2275
1.10437
1.51069
1.11693
1.08689
1.11528
1.83426
1.1063
1.24194
1.34952
1.10302
1.11271
1.12946
1.74243
1.11811
1.1411
1.40234
1.11635
1.54402
1.0877
1.23029
1.11061
1.08401
1.09961
1.0988
1.09714
1.14545
1.11598
1.10344
1.21591
1.1166
1.12071
1.11511
1.12697
1.21754
1.11638
1.13032
1.11587
1.54641
1.3223
1.19473
1.21576
1.20765
1.60245
1.19396
1.78501
1.11442
1.22664
1.10214
1.12367
1.34417
1.25003
1.42509
1.12477
1.1919
1.14767
1.1688
1.14706
1.12978
1.47062
1.08326
1.10513
1.09341
1.52357
1.12706
1.77046
1.76173
1.08672
1.18272
1.48046
1.09423
1.24073
1.08028
1.18205
1.36291
1.66828
1.1369
1.09238
1.11872
1.53294
1.21732
1.10052
1.30023
1.08477
1.82021
1.26723
1.23064
1.17481
1.12447
1.11284
1.20313
1.27527
1.65052
1.09769
1.23242
1.10014
1.10437
1.33479
1.49648
1.16921
1.63986
1.31915
1.11642
1.09425
1.08372
1.14336
1.51238
1.15461
1.58399
1.09592
1.11659
1.39965
1.13952
1.14258
1.83183
1.15475
1.27532
1.13631
1.12222
1.08323
1.12571
1.19117
1.14027
1.18085
1.1395
1.08377
1.71526
1.18058
1.17088
1.63189
1.19268
1.11634
1.19289
1.09839
1.39824
1.20435
1.13669
1.22554
1.09644
1.19598
1.09618
1.12353
1.43905
1.9417
1.58938
1.09842
1.11256
1.09798
1.11143
1.37101
1.27641
1.08165
1.71529
1.10749
1.3294
1.22939
1.12287
1.21568
1.14694
1.1115
1.11285
1.11625
1.11984
1.15646
1.10749
1.68198
1.16315
1.94217
1.20517
1.16328
1.12489
1.11665
1.11592
1.1178
1.11319
1.35681
1.07996
1.11496
1.74787
2.21399
1.16681
1.12047
1.61286
1.092
1.33113
1.4793
1.13602
1.11139
1.50255
1.12883
1.1332
1.12244
3.63166
1.31777
1.19432
1.15312
1.52586
1.0835
1.42036
1.11537
1.16273
1.13361
1.96349
1.1333
1.08532
1.16151
1.17157
1.47146
1.55096
1.52151
1.12739
1.12233
1.11766
1.11885
1.11678
1.12214
1.08756
1.11397
1.48278
1.11621
1.1238
1.11578
1.08531
1.37071
1.6015
1.91164
1.33661
1.15534
1.11065
1.10968
1.14768
1.13446
1.1273
1.08933
1.0914
1.08297
1.1533
1.0935
1.22364
1.23464
1.67263
1.10972
2.09708
1.55474
1.08656
1.08556
1.11814
1.92302
2.08356
1.53527
1.14715
1.55464
1.22858
1.11617
1.11658
1.54512
1.11721
1.65599
1.14878
1.10725
1.34479
1.22859
1.12537
1.08935
2.2168
1.10007
1.11585
1.23763
1.12883
1.1332
1.12244
3.63166
1.31777
1.19432
1.15312
1.52586
1.0835
1.42036
1.11537
1.16273
1.13361
1.96349
1.1333
1.08532
1.16151
1.17157
1.47146
1.55096
1.52151
1.12739
1.12233
1.11766
1.11885
1.11678
1.12214
1.08756
1.11397
1.48278
1.11621
1.1238
1.11578
1.08531
1.37071
1.6015
1.91164
1.33661
1.15534
1.11065
1.10968
1.14768
1.13446
1.1273
1.08933
1.0914
1.08297
1.1533
1.0935
1.22364
1.23464
1.67263
1.10972
2.09708
1.55474
1.08656
1.08556
1.11814
1.92302
2.08356
1.53527
1.14715
1.55464
1.22858
1.11617
1.11658
1.54512
1.11721
1.65599
1.14878
1.10725
1.34479
1.22859
1.12537
1.08935
2.2168
1.10007
1.11585
1.23763
1.27334
1.91976
1.39891
2.22859
1.56584
1.69016
1.09177
1.10152
2.02502
1.20194
1.11681
1.0787
1.10712
1.09701
1.44786
1.21437
1.63382
1.49577
1.12242
1.33276
1.33974
1.22496
1.54502
1.27516
1.16761
1.15088
1.2398
1.10313
1.08296
1.27338
1.25954
1.08332
1.27484
1.13522
1.11488
1.10897
1.11742
1.30104
1.08732
1.23846
1.11106
1.18648
1.23856
1.13228
1.09599
1.11888
1.18779
1.12571
1.11332
1.09904
1.10361
1.23433
1.11811
1.13557
1.19583
1.2544
1.11659
1.11968
1.68281
1.81936
1.25315
1.1439
1.5844
1.10272
1.11649
1.51583
1.28655
1.11559
1.13584
1.27734
1.07915
1.11677
1.4993
1.81772
1.11663
1.11252
1.30237
1.12051
1.11654
1.3005
1.17431
1.09851
1.08473
1.17522
1.42913
1.13385
2.25681
2.14803
1.11701
1.11482
1.13705
1.08041
1.57678
1.11878
1.11666
1.11576
1.70001
1.11426
1.10712
1.11536
1.19693
1.08576
1.21337
1.08874
1.13064
1.1126
1.20957
1.08239
1.16229
1.11293
1.30283
1.41752
1.56907
1.17875
1.15303
1.13384
1.13193
1.08033
1.34195
1.51202
1.19129
1.09404
1.44372
1.10504
1.08699
1.08851
1.17508
1.35131
1.69671
1.17404
1.12045
1.46955
1.11765
2.49696
1.8308
1.63134
1.08239
1.08316
1.09102
1.13623
1.66483
1.11436
1.20658
1.65254
1.2372
1.10655
1.61574
1.19025
1.17368
1.15697
1.42078
1.15039
1.13864
1.65157
1.19596
1.13842
1.32068
1.10534
1.59281
1.22683
1.17007
1.83997
1.12627
1.09909
1.12833
1.9325
1.52448
1.55073
1.87187
1.77911
1.10517
1.08566
1.69994
1.09492
1.43929
1.2949
1.14201
1.41773
1.08004
1.22881
1.75852
1.37376
1.09883
1.11029
1.11408
1.53114
1.52309
2.03767
1.10176
1.93238
1.12773
2.02622
1.7079
1.11376
1.53661
1.58758
1.13825
1.07833
1.14141
1.08238
1.96196
1.37953
2.30972
2.1504
1.22994
1.13478
1.24788
1.08698
1.66828
1.16332
1.12098
1.20145
1.6148
1.11686
1.14114
1.1907
1.56436
1.18701
1.48381
1.1698
1.07907
1.10481
1.08655
1.08155
1.14052
1.09482
1.10259
1.11594
1.09513
1.08136
1.19417
1.11606
1.11434
1.11987
1.11694
1.08445
1.08674
1.1119
1.17992
1.30191
1.11678
1.10774
1.20472
1.15148
1.14039
1.15027
1.16695
1.2144
1.46299
1.95569
1.22539
1.98106
1.24482
1.11723
1.55495
1.101
1.31414
1.15929
1.11312
1.11565
1.19099
1.11513
1.11656
1.87961
1.08617
1.09294
1.72563
1.07791
1.18701
1.11525
1.08702
1.11475
1.40796
1.57022
1.09845
1.43176
1.16088
1.36567
1.08956
1.57656
1.69443
2.05916
1.10595
1.35347
1.21353
1.24045
1.25165
1.12583
1.11282
1.12836
1.13177
1.08326
1.11486
1.0977
1.64536
1.09652
1.17531
1.09187
1.08573
1.10368
1.86844
1.10583
1.09564
1.2759
1.11098
1.11479
1.17514
1.1641
1.11226
1.90932
1.11664
1.15272
1.10392
1.10017
1.73746
1.65167
1.0822
1.07983
1.19714
1.11679
1.18861
1.16068
2.11947
1.11356
1.29839
1.11367
1.11886
1.11749
1.08105
1.18743
1.0845
1.41322
1.12677
1.13234
1.11099
1.08038
1.80328
1.11381
1.1068
1.11428
1.16416
1.1098
1.22539
1.90191
1.11999
1.22169
1.5126
1.11543
1.07911
1.31796
1.07846
1.1402
1.41147
1.17096
1.11553
1.89686
1.4082
1.70529
1.11404
1.1932
1.11663
1.08344
1.11664
1.19537
2.04263
1.14892
1.13009
1.08091
1.16614
1.10879
1.71174
1.1884
1.1003
1.1188
1.38048
1.1167
1.2121
1.11864
1.11412
1.11162
1.48867
1.18033
1.08415
1.11925
1.1058
1.13494
1.42769
1.15588
1.11753
1.11649
1.56701
1.12835
1.49653
1.17094
1.72653
1.11556
1.15826
1.58958
1.07876
1.23032
1.09459
1.1029
1.12451
1.26151
1.12473
1.57102
1.12986
1.08948
1.11794
1.27207
1.12264
1.46452
1.79207
1.40054
1.29359
1.13583
1.89524
1.15145
2.17043
1.14744
1.70355
1.07858
1.11447
1.1609
1.10481
1.11194
1.12223
1.12383
1.16602
1.11533
1.38814
1.7797
1.11969
1.09151
1.28517
1.11665
1.42524
1.37449
1.1175
1.15632
1.43011
1.11409
1.18171
1.16751
1.11653
1.31457
1.4
1.11058
1.20367
1.13497
1.11614
1.31494
1.60063
1.18821
1.27139
1.56239
1.23742
1.68728
1.08747
1.30233
1.11414
1.11584
1.28086
1.72213
1.18757
1.11577
1.40006
1.80721
1.11718
1.29889
1.38873
1.58328
1.3627
1.77926
1.09462
1.51264
1.18919
1.27176
1.48792
1.16243
1.21562
1.11686
1.11833
1.19503
1.2268
1.40823
1.5187
1.93869
2.3506
1.52529
1.16047
1.23392
1.19457
1.58733
1.38999
1.18085
1.42634
1.14331
1.13149
1.11682
1.41232
1.48086
1.15202
1.28492
1.23815
1.24214
1.50593
1.10589
1.23776
1.24681
1.13401
1.11459
1.26198
1.13448
1.31542
1.28294
1.18348
1.13741
1.18247
1.20933
1.08118
1.09199
1.28864
1.08466
1.6298
1.13473
1.26592
1.45255
2.35518
1.40559
1.133
1.08562
1.9146
1.11658
2.05203
1.11433
1.21142
1.25562
1.58287
1.27003
1.39742
1.42656
1.09411
1.28255
1.22002
1.18047
1.23733
1.08309
1.09639
1.18125
1.11548
1.21589
1.46758
1.2044
1.17572
1.21807
1.19564
1.27288
1.1806
1.0929
1.14051
1.11537
1.11122
1.10581
1.18934
1.23658
1.0881
1.08903
1.1917
1.08959
1.49602
1.45104
1.18393
1.44979
1.10456
1.14779
1.51827
1.11506
1.13203
1.11832
1.08903
1.14496
1.11536
2.01073
1.11557
1.10794
2.24788
1.11543
1.98415
1.73239
2.14537
1.18289
1.16604
1.22246
1.45379
1.08585
1.27097
1.11595
1.09455
1.11851
1.20732
1.11491
1.57563
1.12773
1.64268
1.49799
1.20844
1.09778
1.08926
1.34834
1.19246
1.22433
2.15939
1.11626
1.13446
1.11808
1.12355
1.17558
1.49678
1.14275
1.49934
1.21831
1.08321
1.11636
1.77678
1.10864
1.11206
1.10291
1.09162
1.48404
1.10662
1.20974
1.11619
1.08385
1.09729
1.59994
1.11717
1.09285
1.12907
1.2465
1.1077
1.14012
1.21148
1.11575
1.07933
1.42073
1.1568
1.09044
1.11418
1.11681
1.11296
1.65411
1.08826
1.17584
1.11232
1.16501
1.19765
2.00796
1.11515
1.09478
1.09247
1.20595
1.11846
1.10287
1.09267
1.37147
1.71653
2.89702
2.64181
1.19382
1.15635
1.1203
1.13455
1.08545
1.21721
1.22371
1.08405
1.26752
1.35645
1.15655
1.29556
1.07874
1.08496
1.289
2.56287
1.22399
1.19007
1.30438
1.49429
1.38547
1.91926
1.68543
1.08133
1.20687
1.08157
1.09958
1.15129
1.35143
1.98546
1.20204
2.21712
1.13728
1.11273
1.54177
1.11596
1.1685
1.11515
1.14634
1.11702
1.5539
1.11341
1.1
1.58133
1.12046
1.11761
1.28676
1.23334
1.11366
1.49821
1.10252
1.08023
1.37408
2.56562
1.1774
1.11621
1.08375
1.79499
1.49701
1.08537
1.11337
1.11094
1.10971
1.10378
1.9367
1.11588
1.18929
1.11502
1.11609
1.58301
1.36055
1.08327
1.19639
1.14689
1.20775
1.13457
1.39901
1.47229
1.0882
1.08349
1.10385
1.08701
1.91382
1.34727
1.43051
1.36906
1.68578
1.1057
1.09789
1.11151
1.70898
2.61001
1.57861
1.16429
1.24706
1.19424
1.42764
1.23073
1.34924
1.89011
1.09996
1.29742
1.0939
1.26411
1.12695
1.14344
1.39859
1.1602
1.08141
1.08563
1.45108
1.24821
1.18335
1.1242
1.5314
1.27947
1.23726
1.08429
1.40124
1.44284
1.1391
1.08527
1.11551
1.101
1.4052
1.55127
1.11826
1.2127
1.08254
1.26366
1.23469
1.6274
1.27803
1.09527
1.20006
1.61626
2.12092
1.38207
1.17613
1.18513
1.14768
1.14492
1.08894
1.13596
1.09798
1.28062
1.43355
1.12995
1.09749
1.0994
1.12604
1.4341
1.23847
1.17449
1.21523
1.08879
1.08746
1.1134
1.22378
1.09106
1.33185
1.20681
1.08694
1.23879
1.10368
1.10963
1.35464
1.13925
1.56924
1.29649
1.23115
1.10426
1.12343
2.27946
1.11511
1.22817
1.68183
1.11678
1.1366
1.38101
1.13882
1.09105
1.62016
1.14926
1.64075
1.33878
1.1829
1.0931
1.28951
1.11986
1.13362
1.08744
1.36604
1.08794
1.08013
1.11356
1.14471
1.08791
1.12368
1.09426
1.60072
1.86936
1.43177
1.9232
1.10612
1.1265
1.11497
1.48939
1.09745
1.56042
1.09039
1.08429
1.13845
1.62825
1.54526
1.2562
1.15203
1.1156
1.56928
1.3737
1.09953
1.12266
1.74358
1.11705
1.62773
1.54531
1.40228
1.09656
1.13018
1.4729
1.1745
1.1135
1.13325
1.11842
1.11972
1.10279
1.11955
1.09416
1.10995
1.66492
1.75063
1.19645
1.15514
1.17844
1.11364
1.20386
1.10263
1.83987
1.10083
1.13463
1.71754
1.41025
1.11655
1.27014
1.40206
1.73246
1.10301
1.87587
2.01171
1.1199
2.00415
1.114
1.21668
1.11445
1.11541
1.16605
1.1185
1.10589
1.17315
1.09719
1.12585
1.14267
1.28128
1.22895
1.17009
1.11694
1.15904
1.122
1.21446
1.5746
1.61798
1.19504
1.11469
1.21521
1.42576
1.35081
1.10918
1.24132
1.16166
1.11444
1.09027
1.90929
1.14942
1.39168
1.27802
1.11516
1.10212
1.16048
1.11903
1.11209
1.12719
1.11592
1.07979
1.10521
1.11241
1.12063
1.32175
1.15251
1.09917
1.83842
1.52157
1.11772
1.19913
1.24065
1.22669
1.16589
1.1181
1.42576
1.1265
1.13516
2.148
1.11606
1.11628
1.09911
1.11635
1.10444
1.16194
2.07029
1.81318
1.09245
1.092
1.09755
1.39171
1.11054
1.97047
2.02976
1.20784
1.11883
1.77577
1.1343
1.24325
1.08655
1.97208
1.1139
1.66523
1.09848
1.12257
1.11208
1.37382
1.08809
1.19927
1.11717
1.11539
1.12561
1.4694
1.11373
1.26715
1.16826
1.65772
1.11358
1.10581
1.72264
1.63485
1.27314
1.09088
1.10409
1.09578
1.15904
1.50465
1.2138
1.08103
1.09959
1.11556
1.54486
1.15166
1.19711
1.08498
1.10149
1.84926
1.11616
2.2207
1.141
1.08618
1.42395
1.08955
1.08455
1.08301
1.49623
1.25331
1.36113
1.14069
1.10621
1.11649
1.11194
1.19911
1.11927
1.11877
1.12626
1.0931
1.08511
1.5069
1.07993
1.22026
1.20675
1.11607
1.27785
1.09951
1.5571
1.26105
1.12159
1.16696
1.31424
1.62977
1.08849
1.64067
1.53113
1.12854
1.09319
1.10676
1.32126
1.19994
1.12242
1.11222
2.40551
1.09187
1.51951
1.634
1.21299
1.25083
1.17204
1.14499
1.10611
1.1139
1.0982
2.37399
1.18661
1.08367
1.52216
1.11812
1.16323
1.45683
1.11343
1.62136
1.23222
1.23234
1.4318
1.70894
1.09896
1.0831
1.11089
1.11534
1.11771
1.22301
1.22873
1.08709
1.13293
1.11297
1.19663
1.11625
1.10285
1.11582
1.11124
1.10074
1.11334
1.52607
1.42648
1.11992
1.08501
1.08408
1.09936
1.12823
1.1148
1.63243
1.11539
1.45849
1.53573
1.13476
1.11557
1.13581
1.11575
1.13878
1.17644
1.11524
1.7253
1.09868
1.11757
1.11101
1.10764
1.13136
1.82493
1.1157
1.23011
1.12614
1.11322
1.58304
1.11629
1.55581
1.08541
1.09878
1.64646
1.08776
1.09144
1.15291
1.21113
1.21999
1.09484
1.10783
1.11195
1.17794
1.11746
1.27531
1.20439
1.12714
2.47363
1.47113
1.21426
1.11498
1.80699
1.08296
1.39098
1.19423
1.12051
1.11718
1.09382
1.1772
1.1049
1.14155
1.29838
1.1336
1.0997
1.19037
1.10286
1.09425
1.26692
1.23229
1.45884
1.10653
1.12672
1.08245
1.09376
1.08795
1.19192
1.08181
1.1123
1.1811
1.09791
1.10548
1.12961
1.11679
1.15873
1.79025
1.12995
1.10143
1.10567
1.13997
1.11492
1.35408
1.08305
1.33021
1.37863
1.1133
1.09029
1.20046
1.26932
1.11543
1.85767
2.16315
1.116
1.11723
1.15738
1.11754
1.08674
1.11551
1.09007
1.14771
1.11784
1.18658
1.11573
1.09166
1.12743
1.13467
1.18923
1.10751
1.1656
1.07995
1.85256
1.10735
1.11025
1.11256
1.17133
1.40673
1.08586
1.12524
1.15135
1.11652
1.14946
1.58394
1.08934
1.19885
1.14899
1.32792
1.15797
1.13073
1.10755
1.10167
1.11327
1.17319
1.20056
1.13777
1.10192
1.46506
1.11772
1.12838
1.11486
1.15025
1.17985
1.11421
1.09575
1.15484
1.08751
1.08455
1.11374
1.21963
1.11011
1.14626
1.08813
1.15181
1.15836
1.1141
1.1149
1.1168
1.59464
1.1172
1.6563
1.68917
1.14533
1.09396
1.09984
1.09495
1.34155
1.10439
1.72905
1.23762
1.10501
1.07817
2.04365
2.55719
1.12505
1.11405
1.16143
1.80831
1.17883
1.12339
1.1251
1.16143
1.11327
2.16233
1.13098
1.19728
1.1158
1.16637
1.2851
1.28044
1.09623
1.08332
1.37039
1.11115
1.11562
1.49066
1.17411
1.1175
1.56488
2.76693
1.1161
1.10871
1.10577
1.1438
2.39379
2.06796
1.85136
1.93464
1.64143
1.11642
1.18903
1.11523
1.08602
1.09506
1.10123
1.30707
1.19766
1.14458
1.13664
1.23875
1.10868
1.28558
1.63962
1.16211
1.15478
1.13607
1.14493
1.42274
1.25675
1.15039
1.16101
1.57765
1.31208
1.08673
1.43132
1.72093
1.11365
1.84746
2.13972
1.11569
1.29217
1.1065
1.08755
1.63466
1.43979
1.50227
1.59775
1.08422
1.18629
1.17338
1.08656
1.19664
1.13876
1.08172
1.6332
1.16235
1.40906
2.16295
1.36592
1.5943
1.12091
1.10562
1.12039
1.15085
1.33761
1.12305
1.08332
1.1584
1.24469
1.09157
2.24474
1.44767
1.24874
1.20952
1.27489
1.75464
1.2538
1.11079
1.13153
1.20666
1.24396
1.33765
1.23172
1.15151
1.14159
1.15235
1.14863
1.48552
1.29878
1.41903
1.18766
1.57029
1.12379
1.11777
1.12236
1.34847
1.11409
1.12376
1.08444
1.12824
1.09401
1.18132
1.52755
1.36068
1.45767
1.11678
1.09965
1.80031
1.10578
1.31418
1.64431
1.09061
1.12546
1.09042
1.07953
1.08794
1.11098
1.28722
1.22819
1.11632
1.14983
1.18028
1.45885
1.11417
1.15976
1.11713
1.07885
1.32585
1.6912
1.39982
1.78456
1.21905
1.17053
1.51475
1.15347
1.16612
1.09272
1.09388
1.11645
1.14572
1.59676
1.18322
1.11293
1.08956
1.64967
1.18196
1.44078
1.11437
1.23492
1.18017
1.58983
1.11697
1.10414
1.1134
1.08024
1.13151
1.12499
1.21853
1.20466
1.1166
1.89901
1.11478
1.14835
1.09721
1.11784
1.48118
1.15661
1.15681
1.11744
2.36797
2.52543
2.48622
1.30715
1.11649
1.17639
1.81663
1.11741
1.41985
1.11473
1.49781
1.2085
1.95732
1.39726
1.55954
1.39341
1.18321
1.11615
1.10235
1.09702
1.17047
1.84223
1.11906
1.16574
1.09962
1.5843
1.11785
1.1917
1.46042
1.23607
1.0944
1.08704
1.2827
1.11604
1.15923
1.76878
1.3453
1.11668
1.70266
1.11551
1.47011
1.96784
1.18046
1.11764
1.37882
1.13559
1.09712
1.61268
1.1275
1.13786
1.11547
1.71907
1.77886
1.11986
1.39273
1.115
1.11432
1.15449
1.11722
1.23046
1.12811
1.76645
1.89615
1.11283
1.07835
1.07859
1.11779
1.11591
1.1378
1.83299
1.08665
1.16846
1.11886
1.11363
1.47744
1.09741
1.23566
1.11068
1.10267
1.18966
1.22487
1.11713
1.10458
1.09291
1.11417
1.10348
1.11521
1.5044
1.29796
1.12685
1.16608
1.12948
1.14051
1.18915
1.31689
1.13214
1.09541
1.43231
1.50896
1.08903
1.26852
1.1105
1.92069
2.25153
1.57505
1.14659
1.34159
1.13732
1.38083
1.12116
1.12882
1.11398
1.194
1.11549
1.24372
1.15515
1.12262
1.08311
1.11825
1.25254
1.11705
1.08008
1.08298
1.11275
1.96347
1.49512
1.08212
1.08248
1.09428
1.406
1.44645
1.09805
1.08587
1.09401
1.21694
1.11411
1.11439
1.42939
1.54375
1.09487
1.15846
1.11381
1.34434
1.13153
1.10736
1.14155
1.14808
1.44825
1.0865
1.10102
1.11584
1.10542
1.115
1.47883
1.43639
1.31071
1.71495
1.80446
1.27422
1.12111
1.58573
1.09281
1.09352
1.51089
1.12921
1.22925
1.19349
1.12537
1.29213
1.11581
1.11583
1.09444
1.11438
1.10889
1.11864
1.1612
1.11098
1.19239
1.56283
1.118
1.15996
1.2187
1.19477
1.1145
1.10272
1.09165
1.1334
1.2872
1.36705
1.24339
1.15547
1.21218
1.13707
2.18455
1.1203
1.12014
1.08307
1.9877
1.7087
1.12084
1.77866
1.12746
1.38589
1.30776
1.11578
1.11616
1.21627
2.46631
1.93386
1.12967
1.11663
1.14724
1.22135
1.23944
1.08232
1.15204
1.07812
1.12036
1.25084
1.19246
1.14028
1.11168
1.46282
1.09334
1.09807
1.93594
1.11804
1.2039
1.09658
1.20545
2.18627
1.11419
1.82851
1.12205
1.10594
1.08154
1.27456
2.42337
1.11366
1.24709
1.08029
1.11374
1.11856
1.41223
1.09913
1.19053
1.1547
1.13327
1.15359
1.67664
1.35333
1.49142
1.13429
1.08142
1.10927
1.49571
1.0941
1.09416
1.24013
1.11363
1.12168
1.10809
1.12783
1.37039
1.74884
1.85965
1.1588
1.14177
1.41814
1.19513
1.26403
1.08094
1.13511
1.18616
1.20033
2.23346
1.51027
1.76145
1.42389
1.63876
1.09749
1.10953
1.1405
1.5939
1.23826
1.2496
1.61837
1.10554
1.1093
1.22245
1.14336
1.12249
1.46416
1.65243
1.20059
1.16198
1.30686
1.62772
1.08596
1.09352
1.11672
1.18255
1.16297
1.15211
1.48915
1.11663
1.10016
1.09531
1.20698
1.16164
1.1396
1.41372
1.20082
1.33539
1.08682
1.59949
1.21347
1.74016
1.18661
1.12152
1.11595
1.81375
1.23117
1.10992
1.11391
1.09117
1.46913
1.27416
1.11648
1.28483
1.11544
1.17783
1.19411
1.1149
1.174
1.10964
1.42415
1.12396
1.15471
1.37071
1.18385
1.24014
1.14015
1.249
1.11224
1.13149
1.14699
1.62824
1.09868
1.12134
1.15696
1.07811
1.1464
1.11626
1.25485
1.09555
1.44917
1.10293
1.95662
1.08649
1.09929
1.11361
1.1698
1.4944
1.1186
1.27143
1.11716
1.29996
1.12145
1.18414
1.10332
1.08943
1.65662
1.45106
1.08443
1.42482
1.091
1.50362
1.11765
1.18797
1.3642
1.44689
1.1154
1.11586
1.11635
1.1172
1.11088
1.09062
1.11422
1.69864
1.13822
1.11797
1.23631
1.23523
1.13932
1.59606
1.23604
1.36748
1.10469
1.11799
1.08692
1.18448
1.54413
1.81683
1.10908
1.44274
1.11902
1.11613
1.14172
1.57436
1.11538
1.23805
1.15652
1.09993
1.11433
1.11643
1.08135
1.07923
1.46159
1.71718
1.14728
1.1292
1.11459
1.23475
1.11747
1.27033
1.70933
1.56333
1.36899
1.15602
1.07838
1.1017
1.12104
1.61407
1.0929
1.63378
1.10195
1.24527
1.19578
1.54349
1.70491
1.11278
1.56273
1.09307
1.85668
1.6121
1.08205
1.21035
1.11587
1.08678
1.24512
1.65784
1.11856
1.10553
1.10129
1.12476
1.11784
1.12996
1.60762
1.11461
1.76799
1.22811
1.11569
1.10164
1.36333
1.11477
1.39168
1.20436
1.08894
1.08234
1.10792
1.14661
1.15766
1.09539
1.09257
1.16508
1.16783
1.11881
1.16091
1.14689
1.14951
1.22617
1.10356
1.2067
1.53922
1.11699
1.30118
1.1881
1.08737
1.093
1.1014
1.10709
1.52761
1.1188
1.11383
1.11568
1.10199
1.11529
1.08903
1.11708
1.70847
1.12172
1.08186
1.22781
1.53867
1.11839
1.22565
1.57027
1.11387
1.099
1.08045
1.748
1.18262
1.39023
2.27673
1.15879
1.22878
2.31452
1.19732
1.33708
1.08041
1.09972
1.1152
1.58555
1.1205
1.24114
1.11859
1.11213
1.11377
1.46644
1.15875
1.48648
1.08769
1.12761
1.22011
1.10059
1.14484
1.08265
1.60003
1.10072
1.55257
1.19429
1.61895
1.09906
1.07895
1.07987
1.79398
1.50353
1.26125
1.08267
1.95861
1.26996
1.09677
1.74822
1.46671
1.46673
1.1168
1.11731
1.10375
1.11492
1.33595
1.2249
1.09921
1.21935
1.21672
1.12887
1.51871
1.13641
1.47094
1.2205
1.1124
1.11688
1.1521
1.45804
1.15166
1.11515
1.32051
1.1037
1.09915
1.16788
1.09898
1.18076
1.18601
1.32317
1.19128
1.21373
1.14348
1.10358
1.08732
1.13128
1.321
1.58167
1.09071
1.11467
1.11688
1.10778
1.23719
1.10017
1.4132
1.60791
1.1894
1.11028
1.11606
1.11233
1.10879
1.17896
1.23881
1.68519
1.11832
1.10219
1.74951
1.09824
1.78396
1.37691
1.08034
1.508
1.18388
1.11522
1.11493
1.24212
1.39982
1.10749
1.17802
1.11737
1.11761
1.11541
1.085
1.60141
1.08354
1.19671
1.11523
1.08491
1.11468
1.45017
1.11812
1.76
1.07998
1.29484
1.10813
1.07934
1.09127
1.15757
1.09147
1.25863
1.56803
1.44206
1.2607
1.30065
1.08743
1.17223
1.13746
1.09555
1.15652
1.11292
1.12354
1.42081
1.31476
1.20079
1.09718
1.10687
1.12358
1.34496
1.0993
1.39281
1.08253
1.11008
1.11709
1.11647
1.11635
1.10018
1.97197
1.1236
1.11417
1.13139
1.45804
1.16741
1.10588
1.10005
1.30038
1.10691
1.17726
1.72899
1.0861
1.12047
1.22163
1.21376
1.08357
1.1585
1.13264
1.55283
1.10144
1.46937
1.20232
1.64077
1.17004
1.08336
1.17745
1.23785
1.10564
1.18867
1.10577
1.09311
1.07864
1.08129
1.37913
1.11398
1.10448
1.54722
1.18923
1.18414
1.44704
1.11813
1.11482
1.0882
1.08935
1.53413
1.09869
1.54342
1.15723
1.1644
1.23922
1.1008
1.0964
1.1198
1.69956
1.12094
1.48001
1.14756
1.09751
1.09181
2.0631
1.46281
1.7418
1.15509
1.51859
1.22536
1.13075
1.15581
1.09477
1.09883
1.11918
1.09241
1.13257
1.1162
1.11754
1.11494
1.60234
1.19643
1.21689
1.11837
1.47059
1.11262
1.39323
1.16171
1.15883
1.11603
1.37628
1.18407
1.11728
7.15429
1.11648
1.18158
1.11518
1.09293
1.21096
1.17339
1.24468
1.31103
1.15381
1.26972
1.08121
1.20117
1.53903
1.10234
1.11543
1.7627
1.58909
1.09979
1.42103
1.60706
1.09335
1.09603
1.11227
1.12429
1.12786
1.19232
1.09856
1.11412
1.11656
1.1127
1.11649
1.13051
1.09713
1.41865
1.09189
1.13213
1.09508
1.58209
1.09739
1.111
1.77348
1.25317
1.96711
1.39199
1.11701
1.10524
1.53883
1.11365
1.12836
1.11746
1.10666
1.10603
1.24255
1.14039
1.88135
1.24457
1.08471
1.11753
1.24371
1.19356
1.08181
1.19107
1.10038
1.22339
1.37515
1.10194
1.11845
1.3008
1.16627
1.12108
1.1641
1.11811
1.14793
1.27052
1.2718
1.31422
1.32305
1.12198
1.11434
1.10588
1.12183
1.18786
1.08928
1.45483
1.35121
1.16778
1.61439
1.11969
1.2649
1.10746
1.30763
1.09721
1.11606
1.17874
1.1771
1.0849
1.09869
1.18437
1.65638
1.28588
1.13703
1.19977
1.33949
1.15093
1.09438
1.27278
1.27495
1.08699
1.12457
1.11663
1.11355
1.09433
1.11629
1.11542
1.14393
1.14043
1.32812
1.18716
1.12509
1.0902
1.09671
1.08567
1.1336
1.35303
1.31846
1.28015
1.24449
1.09473
1.32546
1.18309
1.13736
1.16706
1.11104
1.11036
1.40288
1.44415
1.11689
1.11331
1.29238
1.13861
1.14183
1.34065
1.09986
1.11568
1.25924
1.11348
1.16758
1.11421
1.08958
1.13146
1.13932
1.14893
1.88536
1.89475
1.11587
1.92819
1.11656
1.3907
1.11935
1.11743
1.10663
2.26887
1.12117
1.12345
1.34636
1.16843
1.98535
1.09142
1.81018
1.11526
1.31792
1.46131
1.08433
1.11564
1.11993
1.17442
1.6637
1.13366
1.09679
1.88128
1.08345
1.49231
1.63503
1.66621
1.3479
1.16196
1.11471
1.09384
1.2592
1.08987
1.21551
1.14772
1.09847
1.20975
1.21032
1.4641
1.12066
1.12837
1.1495
1.1162
1.11897
1.23866
1.09272
1.11026
1.11656
1.08679
1.089
1.11604
2.35363
2.07029
1.20669
1.09918
1.1107
1.11691
1.33172
1.59003
1.09529
1.11205
1.10249
1.12675
1.17772
1.40132
1.35779
1.09444
1.14825
1.11383
1.16423
1.56613
1.56252
1.08082
1.81911
1.53836
1.34377
1.20244
1.11563
1.69854
1.0839
1.32984
1.09926
1.11504
1.15147
1.10884
1.12806
1.27281
1.95987
1.13106
1.18047
1.20619
1.09379
1.11757
1.11759
1.09946
1.21632
1.56982
1.08749
1.17801
1.14376
1.08914
1.09187
1.08046
1.09654
1.12046
1.0859
1.11876
1.58247
1.585
1.60363
2.03788
1.54824
1.12495
1.09141
1.90493
1.33714
1.18254
1.13437
1.30863
1.34431
1.23686
1.11845
1.74618
1.89113
1.32825
1.2069
1.79821
1.81825
1.51134
1.15294
1.11533
1.19498
1.58113
1.51523
1.9509
1.84137
1.1155
1.25117
1.12175
1.14252
1.12873
1.20409
1.16405
1.73234
1.07899
1.11596
1.10766
1.11316
1.9778
1.17955
1.9726
1.3616
1.43163
1.0974
1.08943
1.12769
1.09686
1.12757
1.68792
1.52269
1.08412
1.11478
1.62729
1.08018
1.1501
1.11965
1.08752
1.41382
1.09425
1.08966
1.09831
1.49111
1.25632
1.40085
1.11581
1.11918
1.10797
1.15572
1.11764
1.10569
1.12523
1.11656
1.89294
1.66875
1.84647
1.66107
1.53186
1.11112
1.16022
1.11528
1.64318
1.1143
1.28262
1.37496
1.21042
1.12246
1.34582
1.21866
1.11711
1.11201
1.48438
1.36333
1.11477
1.39168
1.20436
1.08894
1.08234
1.10792
1.14661
1.15766
1.09539
1.09257
1.16508
1.16783
1.11881
1.16091
1.14689
1.14951
1.22617
1.10356
1.2067
1.53922
1.11699
1.30118
1.1881
1.08737
1.093
1.1014
1.10709
1.52761
1.1188
1.11383
1.11568
1.10199
1.11529
1.08903
1.11708
1.70847
1.12172
1.08186
1.22781
1.53867
1.11839
1.22565
1.57027
1.11387
1.099
1.08045
1.09071
1.11467
1.11688
1.10778
1.23719
1.10017
1.4132
1.60791
1.1894
1.11028
1.11606
1.11233
1.10879
1.17896
1.23881
1.68519
1.11832
1.10219
1.74951
1.09824
1.78396
1.37691
1.08034
1.508
1.18388
1.11522
1.11493
1.24212
1.39982
1.10749
1.17802
1.11737
1.11761
1.11541
1.085
1.60141
1.08354
1.19671
1.11523
1.08491
1.11468
1.45017
1.11812
1.76
1.07998
1.29484
1.10813
1.07934
1.09127
1.15757
1.09147
1.25863
1.56803
1.44206
1.2607
1.30065
1.08743
1.17223
1.13746
1.09555
1.15652
1.11292
1.12354
1.42081
1.31476
1.20079
1.09718
1.10687
1.12358
1.34496
1.0993
1.39281
1.08253
1.11008
1.11709
1.11647
1.11635
1.10018
1.97197
1.1236
1.11417
1.13139
1.45804
1.16741
1.10588
1.10005
1.30038
1.10691
1.17726
1.72899
1.0861
1.12047
1.22163
1.21376
1.08357
1.1585
1.13264
1.55283
1.10144
1.46937
1.20232
1.64077
1.17004
1.08336
1.17745
1.23785
1.10564
1.18867
1.10577
1.09311
1.07864
1.08129
1.37913
1.11398
1.10448
1.54722
1.18923
1.18414
1.44704
1.11813
1.11482
1.0882
1.08935
1.53413
1.09869
1.54342
1.15723
1.1644
1.23922
1.1008
1.0964
1.1198
1.69956
1.12094
1.48001
1.14756
1.09751
1.09181
2.0631
1.46281
1.7418
1.15509
1.51859
1.22536
1.13075
1.15581
1.09477
1.09883
1.11918
1.09241
1.13257
1.1162
1.11754
1.11494
1.60234
1.19643
1.21689
1.11837
1.47059
1.11262
1.39323
1.16171
1.15883
1.11603
1.15602
1.07838
1.1017
1.12104
1.61407
1.0929
1.63378
1.10195
1.24527
1.19578
1.54349
1.70491
1.11278
1.56273
1.09307
1.85668
1.6121
1.08205
1.21035
1.11587
1.08678
1.24512
1.65784
1.11856
1.10553
1.10129
1.12476
1.11784
1.12996
1.60762
1.11461
1.76799
1.22811
1.11569
1.10164
1.11572
1.10494
1.14737
1.11786
1.11725
1.36524
1.41885
3.40373
1.25299
1.21132
1.15629
1.11811
1.08354
1.11526
1.96404
1.12775
1.14424
1.48207
1.20737
1.38692
1.27889
1.65567
1.18711
1.12196
1.6584
1.08737
1.56427
1.31327
1.11511
1.65139
1.25564
1.26283
1.08229
1.1917
1.14264
1.27106
1.13104
1.21955
1.27324
1.14242
1.11381
1.11351
1.15898
1.09657
1.14166
1.63735
1.13641
1.07979
1.11621
1.10077
1.23144
1.17763
1.21608
1.1474
1.12011
1.12472
1.11671
1.0818
1.27586
1.42845
2.00046
1.31195
1.11509
1.11936
1.10103
1.12159
1.16555
1.11648
1.23597
1.57185
2.18727
1.1067
1.13966
1.8019
1.85788
1.1705
1.26764
1.09859
1.18005
1.29145
1.11867
1.11719
1.14129
1.10669
1.11708
1.65265
1.13866
1.11697
1.35424
1.6008
1.19466
1.25048
1.1325
1.15022
1.11305
1.19059
1.08071
1.08191
1.11362
1.20224
1.2343
1.35746
1.08701
1.12771
1.10282
1.14496
1.08269
1.08337
1.29727
1.08678
1.11611
1.09552
1.11651
1.25037
1.1037
1.08218
1.09779
1.14292
1.37427
1.40063
1.11636
1.23231
1.26464
1.11866
1.08307
1.67183
1.11839
1.1143
1.11489
1.12175
1.58701
1.11646
1.09432
1.73717
1.09175
1.67923
1.19891
1.09519
1.18365
1.37918
1.11141
1.11665
1.11755
1.10042
1.11425
1.1158
1.15315
1.19931
1.52401
1.25138
1.14837
1.11016
1.08758
1.11563
1.1152
1.20089
1.37965
1.3079
1.08925
1.10656
1.13096
1.1393
1.08631
1.11285
1.11625
1.11984
1.15646
1.10749
1.68198
1.16315
1.94217
1.20517
1.16328
1.12489
1.11665
1.11592
1.1178
1.11319
1.35681
1.07996
1.11496
1.74787
2.21399
1.16681
1.12047
1.61286
1.092
1.33113
1.4793
1.13602
1.11139
1.50255
1.11715
1.25977
1.11573
1.12501
1.44132
1.09899
1.09548
1.41275
1.51201
1.13843
1.82175
1.74399
1.2218
1.11546
1.67679
1.11721
1.08904
1.09113
1.09573
1.10452
1.10342
1.20518
1.40321
1.25795
1.11794
1.13487
1.11239
1.10281
1.13181
1.3083
1.11656
1.11896
1.08641
1.49444
1.08831
1.10997
1.32129
1.29144
1.10834
1.11646
1.11419
1.30642
1.14494
1.43617
1.46335
1.11619
1.11609
1.09748
1.12453
1.77754
1.73011
1.81827
1.11662
1.76423
1.13256
1.16233
1.11571
1.10041
1.08158
1.45993
1.10387
1.11524
1.12069
1.944
1.24862
1.11491
1.11644
1.12346
1.09818
1.57214
1.07895
1.74032
1.66706
1.07795
1.07931
1.08742
1.11772
1.41003
1.18124
1.19943
1.355
1.2104
1.16056
1.65114
1.11095
1.09853
2.12182
1.45635
1.32405
1.21463
1.17029
1.08844
1.17452
1.17919
1.16463
1.13612
1.37014
1.13019
1.79509
1.13131
1.10325
1.15235
1.12088
1.34983
1.12693
1.22063
1.10132
1.10751
1.08758
2.06111
1.6011
1.20426
1.19777
1.13065
1.11112
1.21257
1.12121
1.12886
1.233
1.42494
1.21578
1.1317
1.16532
1.15377
1.11655
2.54449
1.10702
1.12441
1.41123
1.72558
1.09147
1.1197
1.12369
1.13016
1.14518
1.44363
1.44905
1.08493
1.15232
1.1171
1.09437
2.58202
1.11478
1.26835
1.74729
1.14878
1.1471
1.11801
1.20441
1.15588
1.11875
1.20366
1.67325
1.0947
1.56356
1.1238
1.18025
1.09053
1.09952
1.1137
1.08547
1.1159
1.11224
1.19538
1.20303
1.46698
1.35455
1.65732
1.11721
1.24712
1.11783
1.66347
1.3374
1.40615
1.55836
1.77747
1.13997
1.11482
1.41561
1.09087
1.13898
1.13414
1.27986
1.11673
1.09731
1.24185
1.10924
1.11824
1.08436
1.11801
1.31856
1.12264
1.3242
1.18282
1.23636
1.13955
1.118
1.51859
1.09341
1.11632
1.1769
1.11641
1.15108
1.09065
1.15298
1.09634
1.83301
1.13943
1.23944
1.22252
1.12295
1.07944
1.18509
1.156
1.92702
1.60128
1.14313
1.09951
1.0791
1.21092
1.11997
1.47652
1.16578
1.58344
1.12467
1.07883
1.17023
1.24581
1.10437
1.72314
1.24026
1.22619
1.40517
1.08809
1.1533
1.18221
1.0947
1.11259
1.16635
1.09108
1.11487
1.11333
1.60922
1.11997
1.56114
1.10379
1.12254
1.48244
1.14737
1.07814
1.13767
1.11466
1.10146
1.11839
1.09202
1.11855
1.08806
1.34859
1.08251
1.11648
1.20928
1.49451
1.11889
1.5124
1.11567
1.19642
2.05697
1.23607
1.09596
1.10388
1.09938
1.09419
1.26267
1.24737
1.17832
1.16359
2.06042
1.11068
1.2295
1.29464
1.37343
1.57691
1.26431
1.14325
1.23251
2.19868
1.0882
1.13436
1.96782
1.11967
1.18723
1.26788
2.06862
1.21379
1.16712
1.49455
1.12125
1.14155
1.1232
1.10808
1.1149
1.67634
1.09971
1.11493
1.09685
1.27447
1.18799
1.11223
1.11055
1.55835
1.18626
1.15842
1.64553
1.47598
1.08611
1.07947
1.11789
1.21618
2.06221
1.11583
1.09165
1.10646
1.19998
1.09614
1.1147
1.0805
1.24951
1.45976
1.08459
1.16509
1.11681
1.32853
1.08356
1.53821
1.09843
1.85721
1.73693
1.42608
1.44812
1.50701
1.27863
1.09522
1.09859
1.11222
1.6607
1.0989
1.07957
1.14938
1.47144
1.31357
1.18413
1.11706
1.11494
1.11537
1.18844
1.15199
1.11424
1.26841
1.09271
1.08672
1.17268
1.10542
1.694
1.13307
1.11313
1.12201
1.09814
1.19486
1.1937
1.52834
2.09491
1.38953
1.08058
1.54762
1.26002
1.94484
1.3594
1.11708
1.11563
1.16053
1.13277
1.11601
1.19358
1.0787
1.07965
1.0908
1.11763
1.24041
1.55603
1.67643
1.14981
1.93064
1.11487
1.1261
1.33907
1.11289
1.11389
1.47025
1.1059
1.11562
1.28478
1.11314
1.49398
1.09823
1.13697
1.1757
1.08696
1.11227
1.08765
1.73214
1.53389
1.12715
1.44449
1.11742
1.08264
1.21171
1.11182
1.11432
1.08073
1.37145
1.08147
1.15798
1.11591
1.11745
1.13402
1.37436
1.1093
1.11831
1.09597
1.11949
1.07889
1.20727
1.19022
1.10507
1.12248
1.14739
1.19158
1.19057
1.09911
1.32215
1.62668
1.11581
1.15907
1.11915
1.1297
1.08183
1.11795
1.09497
1.20899
1.37751
1.11434
1.297
1.17952
1.14132
1.12918
1.48093
1.11008
1.14766
1.44039
1.5504
1.50638
1.39758
1.1716
1.08194
1.08526
1.13154
1.56557
1.71535
1.25406
1.08746
1.10257
1.10644
1.24705
1.638
1.12534
1.11044
1.10001
1.19756
1.26931
1.74544
1.12053
1.24689
1.11174
1.09895
1.48962
1.17842
1.10995
1.11864
1.0833
1.08671
1.07832
1.20639
1.59901
1.09559
1.15117
1.09779
1.11913
1.08466
1.78113
1.12243
1.09245
1.49381
1.11483
1.11653
1.12932
1.33435
1.11729
1.08495
1.08603
1.07793
1.08996
1.16335
1.39384
1.088
1.09601
1.12786
1.1331
1.1022
1.11946
1.08857
1.11589
1.44964
1.14885
1.11979
1.11601
1.1152
1.41889
1.62356
1.09811
1.55629
1.11947
1.11694
1.09741
1.54244
1.11743
1.12627
1.50631
1.11909
1.10266
2.38805
1.11353
1.08326
1.34204
1.55457
1.10112
1.20027
1.52931
1.21668
1.12704
1.08355
1.08518
1.59933
1.09757
1.09482
1.07957
1.3641
1.22048
1.29462
1.21914
1.20204
1.13938
1.11688
1.12058
1.45916
1.24996
1.66233
1.20817
1.13431
1.10313
1.10061
1.34629
1.11335
1.35325
1.14617
1.66368
1.29746
1.11393
1.83304
1.10478
1.1055
1.09042
1.08935
1.09013
1.10981
1.66236
1.11996
1.13622
1.3341
1.11749
1.13034
1.18984
1.15458
1.11459
1.12013
1.63097
1.11817
1.32188
1.15912
1.18086
1.1174
1.11156
1.13809
1.12026
1.2434
1.12845
1.47596
1.14628
1.47841
1.11132
1.14071
1.32459
1.10739
1.10259
1.18106
1.18501
1.26239
1.12219
1.37432
1.11412
1.11203
1.11093
1.11685
1.08453
1.12048
1.1127
1.12096
1.13175
1.75719
1.6445
1.2378
1.21325
1.45667
1.16731
1.22867
1.10225
1.11489
1.15247
1.33588
1.30208
1.16426
1.24008
1.61167
1.13353
1.12268
1.09532
2.44584
1.1852
1.76225
1.0977
2.5834
1.14945
1.29918
1.11954
2.00476
1.1514
1.17503
1.17055
1.10564
1.09339
1.09071
1.49145
1.1142
1.12818
1.14158
1.64832
1.12525
1.7304
1.1321
1.14446
1.0851
1.17887
1.08377
1.59838
1.116
1.10296
1.24973
1.07805
1.79385
1.65437
1.51589
1.09547
1.13823
1.10812
1.11652
1.1617
1.1984
1.11567
1.95626
1.11423
1.17756
1.29456
1.1332
1.21246
1.11728
1.10125
1.52299
1.11114
1.18015
1.15003
1.09888
1.3702
2.12113
1.08067
1.53423
1.11482
1.10664
1.55405
1.08489
1.11732
1.17836
1.29967
1.55259
1.07882
1.483
1.08947
1.08211
1.08135
1.34588
1.19704
1.17064
1.22948
1.11749
1.6014
1.20329
1.11917
1.09524
1.08268
1.11767
1.11583
1.70831
1.97345
1.16632
1.15717
1.1133
1.07951
1.10713
1.10663
1.15407
1.53415
1.11136
1.1489
1.15918
1.07864
1.91012
1.13947
1.08204
1.80564
1.17183
1.10304
1.19711
1.1157
1.13468
1.12059
1.12336
1.16794
1.72374
1.10759
1.19003
1.13191
2.13417
1.11837
1.16465
1.14373
1.14364
1.18921
1.4465
1.1133
1.08334
1.11798
1.62129
1.13574
1.582
1.09546
1.43684
1.10257
1.22342
1.11623
1.2026
1.13068
1.11943
1.16328
1.25035
1.09888
1.67333
1.22031
1.30314
1.09106
1.11996
1.85685
1.17858
1.64438
1.46393
1.22494
1.14959
1.4876
1.28694
1.10598
1.11357
1.59136
1.13292
1.12415
1.14757
1.22279
1.27612
1.13894
1.33606
1.34055
1.12601
1.09916
1.13031
1.09203
1.13468
1.08711
1.09389
1.58175
1.11451
1.09142
1.16093
1.77691
1.27451
1.0826
1.12581
1.10757
1.11774
1.2579
1.14041
1.13442
1.37476
1.24753
1.12201
1.13299
1.16372
1.11388
1.11952
1.10128
1.11549
1.83924
1.16419
1.09257
1.14613
1.91965
1.60589
1.28003
2.17201
1.11861
1.2185
1.19252
1.11583
1.09698
1.17634
1.08094
1.22774
1.22113
1.12389
1.08114
1.14524
1.4304
1.11859
1.1152
1.19066
1.10145
1.08793
1.55163
1.11485
1.23306
1.27802
1.11131
1.11584
1.36962
1.17324
1.13125
1.11846
1.15261
1.1288
1.16639
1.0983
1.33694
1.08897
1.07953
1.07939
1.29879
1.14048
1.16441
1.11642
2.1034
1.44366
1.74565
1.9903
1.81427
1.13623
1.14791
1.12188
1.11756
1.12153
1.73257
1.62019
1.15704
1.12433
1.40473
1.21906
1.09574
1.12031
1.1165
1.16276
1.13024
1.11645
1.81682
2.17458
1.09619
1.73442
1.16035
1.10391
1.11736
1.08563
1.1571
1.61626
1.12648
1.11538
1.4649
1.76553
1.13044
1.2889
1.22786
1.12406
1.40053
1.44143
1.14653
1.513
1.1088
1.55194
1.10247
1.19284
1.09743
6.74874
6.4695
1.18375
1.10914
1.11397
1.1425
1.07894
1.65617
1.95025
1.2244
1.20969
1.1162
1.17348
1.14112
1.14935
1.13902
1.71129
1.56218
1.12375
1.15422
1.51941
1.09748
1.11586
1.86379
1.1158
1.22297
1.22108
1.35153
1.10642
1.94983
1.1183
1.25757
1.13927
1.1291
1.09617
1.30749
1.1027
1.08433
1.09772
1.12554
1.47827
1.35848
1.10764
1.1132
1.38043
1.49708
1.0825
1.16481
1.15987
1.11329
1.51782
1.13376
1.11133
1.63215
1.20916
1.11269
1.11598
1.45713
1.66286
1.1151
1.1113
1.15233
1.11508
2.0273
1.11541
1.31381
1.80454
1.1192
1.11072
1.11486
1.67632
1.3552
1.19305
1.48134
1.22827
1.25948
1.11479
1.08739
1.35356
1.21151
2.04144
1.28048
1.13995
1.26148
1.0968
1.36124
1.20332
1.55954
1.08372
1.10495
1.08294
1.23256
1.10474
2.0113
1.14891
1.16083
1.1582
1.22087
1.10227
1.17595
1.09141
1.18436
1.20427
1.08643
1.08462
1.89121
1.59879
2.1056
1.30964
1.13447
1.87064
2.33178
1.58065
1.08303
1.34135
1.19945
1.15584
1.26316
1.09173
1.11699
1.09302
1.17485
1.08894
1.66761
1.12065
1.11309
1.09426
1.11559
1.277
1.56378
1.13125
1.1026
1.17878
1.21236
1.17725
1.16983
1.87142
1.17937
1.11548
1.13541
1.10277
1.08736
1.63101
1.21906
1.11416
2.63027
1.13631
1.6218
1.09172
1.10459
1.10896
1.25227
1.11063
1.11032
1.11982
1.18036
1.1099
1.16076
1.25037
1.16173
1.12639
1.15206
1.09995
1.65504
1.65854
1.21427
1.14235
1.3193
1.39709
1.19718
1.17308
1.09542
1.08367
1.11579
1.1479
1.1919
1.27061
1.83553
1.15888
1.14376
1.10221
1.41002
1.35405
1.69781
1.12799
1.08486
1.51459
1.56536
1.15692
1.70623
2.1281
1.11506
1.14903
1.50096
1.14373
1.11783
1.11785
1.07888
1.10971
1.11941
1.10208
1.8382
1.33333
1.90938
1.10111
1.11446
1.10321
1.20122
1.11858
1.16175
1.14382
1.1223
1.60037
1.23557
1.08677
1.1286
1.08932
1.26705
1.22275
1.13157
2.2652
1.09853
1.15434
1.0901
1.10093
1.59122
1.16594
1.20644
1.22551
2.08718
1.17598
1.24592
1.20913
1.79083
1.11586
1.11726
1.62887
1.1379
1.10431
1.18028
1.10881
1.15388
1.64323
1.09909
1.2589
1.15908
1.51025
1.22228
1.1144
1.31242
1.25181
1.1027
1.61383
1.21168
1.0921
1.25318
1.10219
1.09597
1.08457
1.44324
1.34283
1.14939
1.30938
1.24061
1.08471
1.10719
1.14097
1.68033
1.86386
1.12146
1.18616
1.20512
1.17663
1.1168
1.38539
1.17296
1.13793
1.21177
1.19486
1.11727
1.09563
1.17892
1.113
1.96003
1.10533
1.59692
1.69579
1.1195
1.12038
1.91326
1.46631
1.68879
1.15459
1.13777
1.53807
1.12794
1.90415
1.14897
1.17808
1.33957
1.64648
1.3242
1.09501
1.14501
1.11786
1.73564
1.13689
1.11828
1.48181
1.08032
1.72091
1.11451
1.29698
1.09854
1.85914
1.10855
1.25528
1.11416
1.11168
1.11467
1.12753
1.3105
1.33242
1.22866
1.09399
1.10816
1.18356
1.13619
1.46494
1.2019
1.5572
1.27555
1.09631
1.11805
1.12914
1.2083
1.08055
1.11662
1.19491
1.25652
1.45619
1.16557
1.11115
1.25618
1.12869
1.11625
1.42741
1.11639
1.24049
1.16024
1.11766
1.49117
1.44342
1.1249
1.16474
1.16841
1.15757
1.67048
1.13747
1.11602
1.29254
1.11182
1.18436
1.70258
1.53376
1.48364
1.11157
1.11725
1.51614
1.10997
1.84089
1.11713
1.15526
1.11531
1.1094
1.11655
1.15523
1.09761
1.16388
1.11148
1.10499
1.08741
1.11414
1.17494
1.11642
1.1173
1.18871
1.11431
1.10755
1.18944
1.12222
2.33585
2.04895
1.88598
1.88471
1.30958
1.45285
1.08167
1.11873
1.12395
1.11465
1.08698
1.08653
1.11139
1.13188
1.09171
1.20849
1.08607
1.15593
1.84895
1.15609
1.17405
1.1168
1.12062
1.28966
1.49312
1.10116
1.38001
1.13523
1.59241
1.39923
1.13831
1.21382
1.11316
1.14228
1.11697
1.10459
1.59726
1.25565
1.11437
1.11854
1.14872
1.08282
1.08495
1.15074
1.09675
1.08122
1.12715
1.11074
1.09769
1.11676
1.11933
1.11455
1.0973
1.09385
2.24978
1.14029
2.45955
1.11598
1.13663
1.07845
1.11658
1.11681
1.20916
1.16216
1.40983
1.1022
1.11823
1.52028
1.17947
1.13164
1.07939
1.11364
1.08835
1.10299
1.13635
1.33483
1.27175
1.13585
1.10256
1.15039
1.15671
1.53289
1.24798
1.3732
1.10567
1.27246
1.11586
1.38938
1.11601
1.10124
1.22964
1.11784
1.16887
1.22573
1.31489
1.30603
1.22975
1.11351
1.13625
1.64912
1.18684
1.08108
1.0857
1.16753
1.13417
1.13239
2.03195
1.33315
1.7008
1.15771
2.11613
1.26477
1.10339
1.11309
1.23355
1.14596
1.52809
1.09827
1.16717
1.10036
1.11333
1.14538
1.27986
1.11598
1.11372
1.09296
1.51952
1.08794
1.11715
1.09698
1.13225
1.21852
1.11619
1.15771
1.13084
1.32191
1.0971
1.10758
1.08149
1.16196
1.21647
1.11655
1.42091
1.75764
1.51848
1.34737
1.11074
1.6332
1.45515
1.74273
1.63903
1.19077
1.0831
1.09719
1.11658
1.13588
1.52212
1.08275
1.11592
1.07962
1.11739
1.18685
1.12638
1.11824
1.08857
1.50633
1.11627
1.10077
1.64338
2.4888
1.55543
1.11641
1.11545
1.11449
1.14835
1.48385
1.20324
1.12636
1.30269
1.0846
1.09306
1.18093
1.39304
1.11889
1.12818
1.31032
1.32756
1.14458
1.52966
1.12126
1.72004
1.48323
1.22727
1.23747
1.34147
1.11752
1.11986
1.15981
1.10763
1.43067
1.15295
1.2339
1.12684
1.15436
2.29648
1.63159
1.25985
1.10096
1.23275
1.69596
1.3038
1.49267
1.1172
1.1775
1.11469
1.15125
1.19932
1.86115
1.08009
1.52588
1.15045
1.12106
1.11793
1.76989
1.11432
1.11709
1.1155
1.11392
1.11644
1.14967
1.5701
1.21601
1.11987
1.0853
1.12065
1.11496
1.09621
1.25258
1.9299
1.09726
1.27448
1.838
1.10575
1.09896
1.27661
1.83958
1.84664
1.1168
1.13022
1.80059
1.42219
1.11675
1.21512
1.12932
1.08003
1.12408
1.40451
1.11711
1.26411
1.1725
1.10152
1.19226
1.24955
1.16112
1.2189
1.07845
1.11828
1.59071
1.16325
1.09387
1.11306
1.08989
1.09658
1.09088
1.08975
1.11938
1.17125
1.11675
1.08084
1.11276
1.60551
1.09791
1.08617
1.09242
1.09263
1.10164
1.09221
1.35798
1.95785
1.30196
1.09777
1.2477
1.18364
1.08665
1.08385
1.11546
1.33998
1.10667
1.21345
1.41541
1.7827
1.27488
1.67371
1.15612
1.34561
1.19934
1.24599
1.73756
1.07839
1.10285
1.15433
1.08176
1.16586
1.08997
1.10124
1.08588
1.3159
1.1875
1.11704
1.40572
1.20901
1.11527
1.11469
1.1666
1.2851
1.11251
1.11721
1.11781
1.50362
1.11659
1.18476
1.20558
1.27573
1.21374
1.08181
1.11723
1.14237
1.15586
1.08556
1.0997
1.13339
1.11399
1.27964
1.65025
1.18091
1.35456
1.11101
1.09903
1.92166
1.64153
1.40341
1.1004
1.48255
1.11559
1.16636
1.70218
1.39267
1.37196
1.42027
1.0791
1.9395
1.11325
1.11022
1.13871
1.11849
1.09796
1.2105
1.14491
1.15523
1.12573
1.08853
1.65857
1.12338
1.10266
1.09553
1.8085
1.47053
1.40562
1.34074
1.51014
1.11193
1.24583
1.11721
1.14985
1.12272
1.73763
1.44362
1.12814
2.44428
1.35661
1.10113
1.21949
1.10938
1.17862
1.08875
1.26926
1.21291
1.29577
1.78108
1.11625
1.15201
1.64368
1.45502
1.11386
1.10522
1.12848
1.11701
1.19205
1.11664
1.11603
1.3788
1.13816
1.32281
1.25586
1.1978
1.11389
1.08474
1.17977
1.19182
1.12198
1.1119
1.0998
1.0858
1.15344
1.33898
2.06192
1.21736
1.17885
1.184
1.10867
1.11446
1.10299
1.22356
1.22198
1.62221
1.30559
1.1323
1.10286
1.14767
1.88217
1.17811
1.10579
1.10522
1.1773
1.22117
1.13011
1.98636
1.08634
2.19876
1.6374
1.20233
1.46305
1.18918
1.16938
1.1907
1.26057
1.1525
1.09161
1.50277
1.11734
1.08049
1.11604
1.72688
1.11912
1.72514
1.09456
1.23838
1.16833
1.11219
1.1527
1.11554
1.10264
2.13199
1.08791
1.11135
1.2043
1.13883
1.13909
