1.1142
1.54533
1.92151
1.11594
1.5311
1.11529
1.28367
1.18265
1.20928
1.80876
1.1151
1.48746
1.51012
1.31663
1.19284
1.30361
1.11853
1.31915
1.20662
1.39114
1.29414
1.8748
1.82797
1.50849
1.23567
1.1663
1.27422
1.48285
1.21838
1.45947
1.38624
1.18501
1.14312
1.24299
1.21494
1.21578
1.11493
1.17696
1.11637
1.11402
1.17194
1.32454
1.23743
1.26242
1.35847
1.11751
1.16349
1.74303
1.154
1.11491
1.45271
1.52839
1.158
1.43347
1.17634
1.19093
1.11531
1.21111
1.16177
1.59753
1.56022
1.25898
1.09255
1.22725
1.32879
1.31245
1.51004
1.25601
1.14758
1.2976
1.2542
1.52098
1.41053
1.59883
1.23235
1.21439
1.49401
1.23049
1.11363
1.46396
1.51592
1.44195
1.19654
2.12116
1.96351
1.1796
1.20102
1.53494
1.32259
1.12819
1.1238
1.2578
1.28217
1.30572
1.32697
1.37564
1.36716
1.47986
1.11638
1.14294
1.5174
1.11232
1.22362
1.40486
1.72905
1.16763
1.31302
1.27056
1.18914
1.28132
1.15735
1.57772
1.19138
1.31859
1.11631
1.24549
1.28154
1.21994
1.74063
1.11632
1.19074
1.45771
1.20149
1.44538
1.1288
1.57576
1.11782
1.40228
1.16637
1.11728
1.10176
1.20095
1.42537
1.2628
1.32203
1.96253
1.86667
1.34818
1.31879
1.11732
1.11872
1.11893
1.1727
1.25922
1.43653
1.34484
1.1589
1.69498
1.15956
1.4061
1.1142
1.26686
1.14136
1.66175
1.21146
1.19194
1.20642
1.41557
1.24983
1.26636
1.11645
1.23963
1.09168
1.11719
1.59496
1.40659
1.2284
1.22286
1.11489
1.17343
1.11656
1.21086
1.29559
1.36839
1.5356
1.23883
1.0951
1.36179
1.21096
1.61953
1.77082
1.11741
1.14019
1.1249
1.14337
1.39473
1.3555
1.39699
1.40663
1.11804
1.56289
1.19498
1.13368
1.11969
1.66326
1.11928
1.38296
1.40742
1.11486
1.61531
1.14674
1.33156
1.39473
1.3555
1.39699
1.40663
1.11804
1.56289
1.14019
1.1249
1.11186
1.15808
1.44538
1.1288
1.57576
1.18758
1.11871
1.25977
1.14811
1.11365
1.12264
1.12205
1.50941
1.32361
1.215
1.11711
1.11345
1.3949
1.27191
1.4802
1.23654
1.228
1.51431
1.09286
1.31456
1.62351
1.12439
1.69305
1.13408
1.51288
1.16947
1.11504
1.26981
1.13509
1.25286
1.52118
1.16004
2.37085
1.33326
1.5738
1.30706
1.57902
1.21082
1.74507
1.38132
1.21968
1.42806
1.31494
1.48702
1.12122
1.12222
1.33826
1.12009
1.57047
1.2889
1.14328
1.18626
1.61678
1.10868
1.32439
1.08167
1.47848
1.30649
1.24406
