1.47444
1.28939
1.11622
1.62113
1.14045
1.46132
1.29319
1.14333
1.78989
1.11647
1.11917
1.38715
1.35876
1.39905
1.54982
1.29987
1.34729
1.2081
1.68727
1.49735
1.11685
1.10368
1.25583
1.11228
1.11671
1.1635
1.34892
1.4395
1.26817
1.14951
1.31244
1.22009
1.21669
1.37927
1.17001
1.41875
1.33132
1.11617
1.68805
1.17802
1.26683
1.84581
1.48458
1.73864
1.61985
1.52343
1.35671
1.30085
1.26654
1.16979
1.8005
1.28382
1.11736
1.70851
1.09627
1.18876
1.20693
1.19226
1.72325
1.80236
1.45971
1.22994
1.21896
1.18309
1.22686
1.1979
1.36159
1.10529
1.23977
1.11606
1.50486
1.8867
1.37401
1.27768
1.17624
1.23614
1.15541
1.25703
1.2791
1.11657
1.28335
2.01622
1.5449
1.15501
1.11739
1.1109
1.51706
1.35797
1.11007
1.89131
1.57516
1.1686
1.40726
1.20291
1.16727
1.22337
1.53127
1.71167
1.32521
1.36493
1.32471
1.55883
1.36739
1.16808
1.23945
1.29507
1.29319
1.31491
1.85246
1.10469
1.30231
1.3529
1.11647
1.21185
1.25849
1.54466
1.34141
1.19719
1.5465
1.1158
1.13262
1.17445
1.90907
1.26656
1.4267
1.33819
1.18813
1.47156
1.39285
1.09053
1.37775
1.97572
1.3124
1.15763
1.5755
1.1735
1.29392
1.59484
1.71792
1.53959
1.11547
1.09479
1.2168
1.10381
1.11414
1.08418
1.10204
1.36247
1.62199
2.08141
1.59913
1.1561
1.11642
1.19304
1.42772
1.11891
1.22683
1.52906
1.29845
1.15343
1.11171
1.33757
1.37455
1.26801
1.15582
1.33301
1.44055
1.66071
1.27062
1.21356
1.73554
1.11626
1.32105
1.11982
1.49276
1.65511
1.48282
1.37071
1.25824
1.42399
1.1167
1.1154
1.96238
1.11629
1.22831
1.11443
1.13398
1.21485
1.24119
1.39091
1.11584
1.11321
1.54893
1.89269
1.11408
1.13975
1.19416
1.42448
1.16329
1.35615
1.17699
1.11561
1.3809
1.24578
1.11413
1.88873
1.2869
1.22846
1.32064
1.14756
1.56065
1.21434
1.19416
1.42448
1.16329
1.35615
1.17699
1.89269
1.11408
1.74155
1.35408
1.97572
1.3124
1.15763
1.12053
1.11542
1.4626
1.1687
1.13678
2.3996
1.75726
1.82628
1.14522
1.08769
1.38849
1.54764
1.71586
1.28314
1.35358
1.18407
1.43367
1.3126
1.13879
1.25947
1.11731
1.82191
1.11699
1.34197
1.11395
1.14502
1.30613
1.40625
1.19485
1.53459
1.36677
1.24614
1.77578
2.70775
1.24109
1.11537
1.19044
1.11681
1.28292
1.13642
1.11944
1.30618
1.28426
1.28327
1.33561
1.11734
1.80867
1.18748
1.18883
1.11662
1.5767
1.11667
1.36946
1.52154
1.3805
1.30915
1.36336
1.59545
1.23144
2.45244
1.34119
1.12018
1.27042
