1.41756
1.50783
1.18321
1.21464
1.12264
1.2315
1.27279
1.43028
1.45328
1.23499
1.18323
1.18098
1.48867
1.07954
1.27071
1.33281
1.19482
1.52642
1.39527
1.17167
1.11738
1.18614
1.24266
1.50509
1.19878
1.11587
1.37253
1.25082
1.11338
1.34054
1.49292
1.18826
1.18989
1.31956
1.15889
1.81269
1.15889
1.81269
1.3493
1.29279
1.66412
1.20548
1.13751
1.45724
1.26599
1.4826
1.20435
1.64691
1.16863
1.59214
1.19207
1.11678
1.63984
1.30253
1.25135
1.8994
1.64132
1.15195
1.11293
1.17649
1.1526
1.27954
1.22125
1.29208
1.63984
1.30253
1.59214
1.19207
1.11678
1.43305
1.12049
1.18855
1.11365
1.11623
1.24409
1.11023
1.20815
1.17301
1.51828
1.11498
1.82533
1.43116
