1.29587
1.59181
1.66332
1.34634
1.24544
1.53193
1.62426
1.80157
1.19026
2.09823
1.667
1.14262
1.11777
1.14478
1.146
1.14373
1.11261
1.28651
1.31605
1.8898
1.39862
1.46325
1.24109
1.59736
1.57146
1.28239
1.37789
1.17634
1.17727
1.36735
1.14575
1.11775
1.22461
1.31476
1.39081
1.35049
1.24416
1.33474
1.21194
1.97101
1.1263
1.38443
1.63764
1.38087
1.36209
1.24353
1.47178
1.34682
1.6013
1.40673
1.29591
1.22613
1.1167
1.51237
1.10896
1.29536
1.59393
2.24304
1.40853
1.44772
1.35668
1.16262
1.85799
1.3301
1.25392
1.13497
1.60481
1.25089
1.14117
1.3193
1.15558
1.36881
1.44965
1.20842
1.69202
1.50337
1.29171
1.155
1.22051
1.11255
1.11549
1.18825
1.24958
1.40651
1.08971
1.11372
1.69239
1.11617
1.27612
1.3935
1.20559
1.44911
1.1182
1.19066
1.47824
1.11538
1.29138
1.47901
1.80866
1.31737
1.11644
1.54869
1.20802
1.50053
1.50368
1.09232
1.11517
1.8678
1.49909
1.11799
1.11595
1.15354
1.28072
1.49849
1.16166
1.35507
1.41647
1.23302
1.79076
1.26594
1.34853
1.20846
1.19896
1.22224
1.58215
1.12425
1.48027
1.29741
1.83439
1.18737
1.40063
1.39027
1.25582
1.118
1.38274
1.52329
1.55534
1.40481
1.11292
1.2687
1.21461
1.13217
1.15648
1.14536
1.24152
1.68699
1.1005
1.27407
1.93513
1.14045
1.09623
1.19931
1.32658
1.20058
1.79211
1.49604
1.37622
1.11014
1.20511
1.18822
1.60063
1.22418
1.30632
1.7499
1.25328
1.33017
1.08432
1.24383
1.2955
1.5898
1.1218
1.12777
1.11793
1.44666
1.39902
1.11814
1.11584
1.16024
1.21543
1.25913
1.23378
1.19213
1.48295
1.71809
1.6495
1.28507
1.11445
1.18033
1.21138
1.19477
1.30545
1.78587
1.71707
1.45445
1.2662
1.21458
1.51579
1.16961
1.72207
1.11621
1.11671
1.38121
1.10712
1.21367
1.16922
1.16838
1.09548
1.38971
1.377
1.56997
1.69126
1.33793
1.18687
1.09451
1.08092
1.28301
1.1301
1.11545
1.93356
1.10634
1.76242
1.22659
1.28792
1.26991
1.44276
1.25153
1.23135
1.11479
1.43104
1.40406
1.11798
1.41907
1.78936
1.3207
1.16396
1.34291
1.09646
1.35818
1.2805
1.79831
1.22915
1.1156
1.15718
1.11716
1.34146
1.11742
1.25259
1.27402
1.31468
1.67551
1.32159
1.14069
1.11607
1.15882
1.62177
1.1159
1.21336
1.85035
1.26265
1.20597
1.14012
1.10168
1.10278
1.35418
1.43745
1.47199
1.1617
1.40194
1.17358
1.11512
1.32887
1.45664
1.9166
1.11415
1.33464
1.45746
1.22855
1.11562
1.40353
1.46083
1.79225
1.93913
1.594
1.5942
1.44403
1.24284
1.11886
1.11603
1.12059
1.12904
1.15996
1.08983
1.40511
1.09137
1.09725
1.14123
1.2266
1.25657
1.8089
1.77403
2.0664
1.30755
1.1094
1.44686
1.38345
1.41801
2.06965
1.11525
1.26177
1.46853
1.21104
1.82686
1.35168
1.27975
1.11367
1.6192
1.11591
1.2019
1.87445
1.44954
1.47279
1.28423
1.11572
1.27355
1.25197
1.37084
1.41994
1.46633
1.25324
1.73559
1.11555
1.61005
1.15376
1.4376
1.19642
1.13528
1.71198
1.35177
1.19362
2.00756
1.27588
1.51277
1.86274
1.50649
1.21007
1.56227
1.77923
1.10738
1.43717
1.77425
1.19856
1.30495
1.25682
1.46426
1.1764
1.08287
1.11549
1.11699
1.13746
1.44941
1.11089
1.11969
1.11987
1.39781
1.19054
1.20389
1.4022
1.1243
1.26519
1.19727
1.55945
1.43187
1.11469
1.31818
1.41853
1.09353
1.2601
1.62549
1.25827
1.62493
1.76645
1.57621
1.3848
1.08805
1.39277
1.25373
1.67212
1.19133
1.411
1.19079
1.36057
1.22206
1.59719
1.46106
1.18322
1.20635
1.3778
1.17769
1.24083
1.3004
1.37647
1.63204
1.88903
1.34734
1.30444
1.2661
1.24993
1.26221
1.37192
1.19688
1.11627
1.37038
1.20227
1.28347
1.24725
2.33708
1.25783
1.23197
1.27484
1.40999
1.11531
1.32339
1.32165
1.76693
1.31982
1.2422
1.48522
1.89831
2.26888
1.12768
1.95972
1.1685
1.26486
1.37306
1.34525
1.41572
1.1152
1.20706
1.20029
1.11991
1.10362
1.46753
1.14524
1.24383
1.25654
1.08431
1.2016
1.29207
1.24695
1.21938
1.1919
1.29952
2.31603
1.14428
1.48672
1.38033
1.7363
1.47163
1.11835
1.27377
1.17333
1.13896
1.11399
1.14245
1.24368
1.12739
1.24193
1.11824
1.23119
1.33639
1.11929
1.46806
1.60054
1.15576
1.80406
1.22254
1.11614
1.11671
1.27447
1.70167
1.29053
1.53525
1.38687
1.2965
1.11918
1.50897
1.60321
1.15854
1.61829
1.3651
1.22194
1.11579
1.78666
1.67781
1.22468
1.22349
1.28482
1.19451
1.0856
1.95565
1.26602
1.24681
1.15299
1.24421
1.16175
1.15328
1.08223
1.21353
1.09498
1.24748
1.25854
1.23918
1.13951
1.10334
1.62656
1.27801
1.53109
1.2179
1.16473
1.11137
1.58646
1.09372
1.65122
1.90967
1.36008
1.4265
1.11487
1.80783
1.54957
1.12088
1.24811
1.1493
1.1477
1.12854
1.14803
1.11562
1.10804
1.34007
1.11804
1.13408
1.30125
1.47347
1.30491
1.18329
1.36881
1.46982
1.29964
1.62485
1.41828
1.41377
1.4305
1.59467
1.0883
1.74794
2.01413
1.20142
1.20722
1.3706
1.16048
1.29633
1.14104
1.14477
1.26704
1.2214
1.35474
1.17677
1.11469
1.48434
1.55227
1.20372
1.16182
1.66193
1.0847
1.1332
1.09866
1.13851
1.33332
1.13916
1.59101
1.60328
1.22
1.27574
1.32373
2.07524
1.52644
1.30291
1.13811
1.4683
1.95756
1.08029
1.23577
1.09906
1.07951
1.74274
1.62824
1.1269
1.14407
1.33526
1.11257
1.45544
1.11848
1.8969
1.11526
1.11314
1.148
1.22871
1.73071
1.11574
1.1317
1.12872
1.28861
1.3184
1.1224
2.0454
1.24546
1.14477
1.23628
1.37894
1.22787
1.19319
1.19983
1.15486
1.18119
1.46437
1.33159
1.27278
1.39172
1.40341
1.18403
1.21054
1.18298
1.24428
1.11656
1.15264
1.35067
1.14277
1.58523
1.39853
1.25389
1.39405
1.28585
1.11672
1.33865
1.66047
1.43139
1.11797
1.19144
1.09378
1.35953
1.36682
1.39943
1.71749
1.69107
1.21525
1.2863
1.22609
1.34674
1.21175
1.3151
1.34198
1.45544
1.11848
1.8969
1.11526
1.11314
1.148
1.22871
1.73071
1.11574
1.1317
1.12872
1.28861
1.3184
1.1224
2.0454
1.24546
1.4683
1.95756
1.08029
1.23577
1.09906
1.07951
1.81223
1.74932
1.49278
1.50962
1.18464
1.16147
1.39561
1.24938
1.72767
1.49721
1.1148
1.16164
1.3778
1.17769
1.45756
1.29019
1.18749
1.45043
1.75676
1.11393
1.44376
1.38118
1.54583
1.14798
1.39258
1.30233
1.12084
1.1839
1.09968
1.1644
1.40045
1.25506
1.16421
1.11363
1.4566
1.35076
1.29139
1.50095
1.69657
1.845
1.32252
1.86675
1.18744
1.10958
1.25272
1.10654
1.19656
1.50578
1.57369
1.83672
1.6678
1.2945
1.11542
1.5213
1.13353
1.17767
1.34094
1.51071
1.94069
1.61799
1.11718
1.14213
1.36901
1.11424
1.55712
1.64264
1.20253
1.12254
1.66269
1.61277
1.1158
1.35279
1.11479
1.81964
1.22787
1.24889
1.11537
1.70577
1.11698
1.11484
1.21497
1.20042
1.58259
1.29471
1.11809
1.4183
1.16311
1.11432
1.47654
1.18582
1.11483
1.17395
1.12171
1.43039
1.35175
1.20633
1.3181
1.45574
1.09622
1.25267
1.11419
1.48398
1.28124
1.26663
1.46726
1.30362
1.29679
1.39792
1.11636
1.11639
1.16846
1.50037
1.08902
1.10056
1.36367
2.17589
2.05431
1.41134
1.2088
1.16049
1.27862
1.32757
1.24703
1.39494
1.23697
1.3788
1.1183
1.26354
1.22333
1.16346
1.24784
1.13595
1.832
1.24647
1.69451
1.36376
1.14782
1.44802
1.11555
1.69922
1.34771
1.55659
1.26675
1.1137
1.53338
3.14313
2.97275
1.51463
1.2927
1.15171
1.10896
1.24435
1.21353
1.24426
1.11883
1.5112
1.09598
1.18535
1.35455
1.1152
1.12352
1.57817
1.11401
1.51206
1.15513
1.18057
1.65124
1.35182
1.11485
