0.47172
0.31697
0.47033
0.351535
0.289768
0.904695
0.478513
1.14217
0.499027
0.499387
0.355106
0.402114
0.495889
0.502734
0.466563
0.286133
0.494658
0.411508
0.298939
0.344633
0.290246
0.495105
0.332969
0.34544
0.293369
0.336119
0.461792
0.289651
0.418667
0.374579
0.500581
0.473324
0.497296
0.495041
0.431477
0.299305
0.498898
0.340624
0.309727
0.29261
0.497254
0.332735
0.370314
0.507189
0.84934
0.320742
0.290104
0.432868
0.412951
0.383132
0.435135
0.36852
0.358391
0.332591
0.359244
0.493369
0.502367
0.469956
0.50018
0.388925
0.303508
0.402123
0.360111
0.498762
0.333045
0.287839
0.427983
0.634243
0.311795
1.21419
0.281087
0.303754
0.299053
0.3091
0.496215
0.336698
0.36321
0.497186
1.09012
0.650303
1.29242
1.15334
0.324201
0.298168
0.517785
0.471893
0.631207
0.468662
0.474693
0.72617
0.507513
0.489155
0.29267
0.491698
0.996362
0.305963
0.527991
0.324912
0.425829
0.288344
0.342617
0.28529
0.500855
0.321945
0.663524
0.286166
0.281134
0.846059
0.477903
0.472871
0.985594
0.439457
0.361254
0.349491
0.328405
0.291625
0.319882
0.566895
0.369663
0.751991
0.932349
0.283008
0.659129
0.530769
0.628276
0.282018
0.286204
0.497027
0.601986
0.454645
0.487193
0.376448
0.312882
0.303647
0.280551
0.494389
0.704124
0.704805
0.284055
0.280241
0.653748
0.428932
0.329945
1.1866
0.517741
0.646316
0.341149
0.50006
0.497191
0.282225
0.280155
0.962866
0.496755
0.494381
0.770853
0.423155
0.285561
1.10965
0.508141
0.364352
0.539245
0.289822
0.413855
0.482323
0.438467
0.499654
0.415413
0.279164
0.497133
0.365724
0.3011
0.380906
0.392467
0.35838
0.28106
0.403602
0.439018
0.437558
1.66409
0.498057
0.442508
0.359962
0.502058
0.496546
0.365493
0.490967
0.386088
0.281762
0.303509
0.365164
0.50313
0.363027
0.330643
0.280268
0.702777
0.296246
0.973544
0.488106
0.562299
0.28135
0.497193
0.436481
0.418242
0.780915
0.296864
0.292977
0.619755
0.34722
0.433364
0.505293
0.44836
0.352395
1.2692
0.45371
0.288715
0.288419
0.310598
0.416633
0.362271
0.333548
0.49454
0.280079
0.284928
0.295182
0.496219
0.308146
0.496925
0.399128
0.347221
0.354558
0.627037
0.294886
0.329755
0.493814
0.298508
0.392358
0.416019
0.449918
0.280697
0.279544
0.560619
0.461685
0.332895
0.422897
1.0068
1.71989
0.504465
0.617412
1.14453
0.491155
0.352061
0.497747
0.498041
0.423261
0.280567
0.498473
0.280523
0.291004
0.613261
0.407828
0.49442
0.324071
0.433845
0.479153
0.493425
0.495753
0.447344
0.286521
0.299459
0.285498
0.506524
1.4979
0.522379
0.297328
0.744001
0.701191
0.299996
0.492883
0.496201
0.387993
0.500614
0.304052
0.286977
0.486014
0.285984
0.468375
0.323502
0.481864
0.301915
0.516408
0.501394
0.495069
0.312937
0.400771
0.495457
0.475727
0.284845
0.291693
0.917064
0.423031
0.503532
0.47174
0.975739
0.295866
0.353715
1.28665
0.283715
0.285141
0.318842
0.409328
1.22935
0.279366
0.279808
0.689986
0.842652
0.659061
0.909924
0.426064
0.371709
0.512062
0.624644
1.26188
0.360188
0.493794
0.495526
0.292986
0.397022
0.325733
0.496247
0.49465
0.287957
1.34935
0.846828
0.491466
0.564331
0.463582
0.496768
0.433773
0.306245
0.279777
0.335856
0.461559
0.27928
0.502028
0.493402
0.45727
0.279812
0.301223
0.355548
0.319517
0.510723
0.441911
0.499262
0.279794
0.491641
0.330202
0.459944
0.459533
0.301858
0.499284
0.912916
0.331322
0.334574
0.502366
0.359411
0.361762
1.25863
0.352451
0.303986
0.495205
0.515427
0.375334
1.2236
0.370515
0.294162
0.318293
0.452304
0.29151
0.341261
0.319129
0.308635
0.312046
0.397445
0.330062
0.351749
0.291521
0.783711
0.495387
0.304605
0.453241
0.511834
0.279144
0.280942
0.489795
0.323757
0.30149
0.281879
0.290586
0.281726
0.528033
0.461441
0.292872
0.307448
0.363973
0.378466
0.497156
0.348654
0.358447
0.500436
0.279207
0.376584
0.281275
0.293764
0.449992
0.288351
0.37629
0.503611
0.432355
0.501848
1.18447
0.323096
0.718557
0.980093
0.542756
1.41708
1.46938
0.921781
0.295246
0.36867
0.305748
0.281271
0.49473
0.288354
0.308553
0.285605
0.488574
0.346478
0.409237
1.20593
0.383056
0.495304
0.314421
0.448151
1.01727
1.0654
0.340144
0.281412
0.500691
0.323006
0.494461
0.33956
0.317421
0.287906
0.484222
0.287349
0.348405
0.304554
0.546504
0.282057
0.558386
0.919326
0.983304
0.356584
0.51276
0.531799
0.49614
0.543015
0.281921
0.477883
0.774558
0.305452
0.334706
0.285023
0.330203
0.631103
0.326828
0.293024
0.481493
0.46169
0.284011
0.746928
0.474521
0.830258
0.285028
0.281935
0.280266
0.307274
0.30748
0.312195
0.509955
1.06262
0.336031
0.494922
0.504792
0.29641
0.284449
0.351812
0.281198
0.363699
0.456615
0.29027
0.280651
0.36144
0.281577
0.293127
0.474911
0.316721
0.494515
0.516562
0.305763
0.29951
0.282236
0.932371
0.358747
0.316555
0.43472
0.459895
0.636644
0.492464
0.865096
0.288398
0.35792
0.469707
0.28218
0.3204
0.495241
0.560047
0.279494
0.448239
0.824066
0.31202
0.526389
0.498641
0.478315
0.357695
0.493415
0.337198
0.645513
0.564572
0.502592
0.500993
0.495788
0.497215
0.496959
0.5656
0.52981
0.48235
0.282371
1.27018
0.483053
1.37068
0.683901
0.417851
0.499079
0.496558
0.501829
0.38222
0.280973
0.41225
0.329009
0.851294
1.24221
0.573061
0.605613
0.279222
0.352583
0.295508
0.489411
0.279941
0.390689
0.493113
0.329044
0.336617
0.293253
0.49577
0.287346
0.475451
0.357669
0.312055
0.496011
0.49844
0.495022
0.279747
0.290244
0.477682
0.494173
0.494708
0.494824
0.29325
0.280138
0.287608
0.31137
1.22303
1.12482
0.281101
0.496322
0.340666
0.384053
0.286084
0.413739
0.280603
0.501203
0.316684
0.494385
0.366407
0.284377
0.458748
1.11168
0.326618
0.281419
0.407226
0.291904
0.386592
0.489746
0.280567
0.377871
0.299831
0.327831
0.289914
0.351817
0.415684
0.493373
0.353672
0.372015
0.280635
0.455267
1.06076
0.495129
0.470099
0.607007
0.349059
0.499835
0.321563
0.342015
0.449443
0.363448
1.34182
0.332497
0.344168
0.676033
1.02076
0.416464
0.282533
0.677643
0.76831
1.01002
0.349051
0.350885
0.584803
0.49727
0.475955
0.295944
0.318906
0.522197
0.968971
0.481353
0.498205
0.281497
0.466077
0.486039
0.497922
0.458618
0.433396
0.494822
0.715269
0.494526
0.374172
0.279292
0.526473
0.283508
0.485375
0.461234
0.365365
0.493299
0.364764
0.403775
0.426359
0.333634
0.4976
0.395725
0.331249
0.503733
0.504448
0.353512
0.288691
0.327056
0.288247
0.495157
0.350825
0.429179
0.357596
0.488618
0.311134
0.856004
1.11816
2.08476
1.38599
2.08994
1.83346
0.342605
0.351428
0.498403
0.312275
0.288484
0.298637
0.309162
0.343357
0.339701
0.293262
0.452234
0.327372
0.339759
0.29721
0.284669
0.341212
0.50896
0.540642
0.353829
0.492126
0.881161
0.498762
0.283413
0.279491
0.49718
0.304976
0.327447
0.374475
0.541603
0.307815
0.492609
0.293012
0.381937
0.713425
0.373299
0.308342
0.487414
0.482153
0.287342
0.291434
0.397504
0.359826
0.498412
0.68691
0.333311
0.288922
0.284708
0.546448
0.288784
0.327883
0.301742
0.281843
0.984644
0.306253
0.496448
0.308663
0.292349
0.291129
0.318695
0.342663
0.497481
0.498409
0.438667
0.495543
0.498059
0.285107
0.283941
0.415662
0.769998
0.491427
0.497317
0.493523
0.285974
0.407052
0.312397
0.280693
0.502021
0.365194
0.314693
0.358174
0.36559
0.345703
0.53619
0.29393
0.495444
0.291157
0.279852
0.498642
0.283546
2.0926
0.400903
0.315118
0.490834
0.499181
0.404492
0.499073
0.331356
0.494079
0.308358
0.291557
0.280832
0.311726
0.589524
0.499916
0.49351
0.378583
0.499522
0.756426
0.383667
0.374551
0.280888
0.501886
0.304892
0.353544
1.44891
0.493224
0.302381
0.299183
0.295228
0.439925
0.497491
0.27976
0.500026
0.491212
0.295121
0.353711
0.494734
0.285431
0.318786
0.499009
0.334821
0.699602
0.332997
0.362544
0.29091
0.496702
0.490877
0.283758
0.50535
0.519718
0.455804
1.17765
0.287145
0.486569
0.4898
1.20959
0.449825
0.351346
0.295263
0.367302
0.416836
0.50356
0.392287
0.369459
0.296767
0.50117
0.323149
0.28825
1.31095
0.498867
0.299096
0.330325
0.498387
0.280457
0.304781
0.305428
0.346345
0.497878
0.426312
0.446255
0.336818
0.924166
0.307389
0.507492
0.498062
0.307681
0.288174
0.511192
0.393988
0.434763
0.417995
1.75417
0.612236
0.501219
0.411601
0.499381
0.492827
0.48818
0.290167
0.338262
0.288319
0.315376
0.328419
0.492933
1.02525
0.303352
0.325224
0.343996
0.457803
0.356588
0.704545
0.376851
0.340711
0.391206
0.448084
0.37664
0.494065
0.286694
0.291629
0.280278
0.574646
0.49706
0.491764
0.292863
0.298428
0.496934
0.611531
0.495297
0.485348
0.494194
0.290625
0.349298
0.282572
0.4155
1.04152
0.375335
0.524686
0.31819
0.420183
0.503925
0.280285
0.509262
0.286551
0.484535
0.595719
0.574004
0.506648
0.512219
1.47283
0.49751
0.298293
0.28648
0.282323
0.353781
0.387046
0.491784
0.285125
0.824727
0.336697
0.316623
0.394274
0.288348
0.310056
0.669025
0.562952
0.480938
0.468055
1.33338
0.346535
0.342471
0.458385
0.779431
0.496782
0.297308
0.331312
0.331361
0.409432
0.279688
0.291414
0.283883
0.417526
0.508352
0.430012
1.31898
0.492799
0.282767
0.287229
0.279833
0.279187
0.505231
0.374459
0.491498
0.330752
0.313373
0.741587
1.04524
0.301655
0.484339
0.846696
0.465199
0.870169
0.317735
0.839291
0.300381
0.317396
0.341925
0.386444
0.50962
0.498412
0.496182
0.328961
0.301606
0.48957
0.536567
0.281245
0.395309
0.31027
0.354715
0.43217
0.498373
0.49916
0.323955
0.287169
0.504725
0.325237
0.279374
0.307199
0.333434
0.780694
0.621593
1.61977
0.327734
1.06829
0.497773
0.444962
0.290437
0.283278
0.281205
0.745538
0.280115
0.416251
0.726276
0.574205
0.285119
0.508196
0.297549
0.290785
0.332215
0.296616
0.301017
0.282216
0.498279
0.59752
0.577996
0.760808
0.579228
0.543348
0.409354
0.531962
0.800946
0.497566
0.666174
0.285959
0.394208
0.360465
0.490442
0.495125
0.372948
0.289612
0.284696
0.479789
0.49029
0.363735
0.404351
0.541769
0.786135
1.45865
0.499452
0.326849
0.496029
0.500288
0.368395
0.982207
0.280441
0.29346
0.495044
0.672814
0.737957
0.489717
0.400359
0.279985
0.427721
0.536378
0.292024
0.338687
0.498596
0.948897
0.364208
0.848038
0.336946
0.530244
1.04811
0.500178
0.495594
0.422098
0.395641
0.525329
0.431702
0.292301
0.304955
0.41675
0.496713
0.560216
0.346222
0.495516
0.349835
0.501185
0.279603
0.620545
0.893922
0.431091
0.280129
0.394113
0.333183
0.504654
0.657464
0.495324
0.319494
0.280115
0.448273
0.282053
0.342163
0.809616
0.42802
0.367449
0.479512
0.372982
0.61116
0.289569
0.44888
0.810865
0.291248
0.447524
0.496028
0.286445
0.499445
0.345216
0.476706
1.16323
0.546179
0.500373
0.280728
0.279362
0.857232
0.45583
0.353182
0.430389
0.498271
0.299762
0.49376
0.508247
0.492593
0.368744
0.358734
0.302194
0.476962
0.298176
0.402813
0.357558
0.580518
0.346195
0.445505
0.305826
0.305769
0.548753
0.501182
0.391726
0.496923
0.286554
0.280224
0.501048
0.498104
0.369443
0.5624
0.279472
0.469132
0.409951
0.289522
0.285445
0.288433
0.412847
0.682856
0.498521
0.281886
0.283286
0.286503
0.4804
0.327928
0.496478
0.504812
0.298975
0.401612
0.498597
0.326271
0.288151
0.290753
0.281628
0.492801
0.462314
0.500289
0.494622
0.338303
0.852024
0.279605
0.285753
0.333665
0.287546
0.45853
0.281883
0.489356
0.284261
0.360377
0.502689
0.490577
0.314904
0.488067
0.435411
0.504475
0.707418
0.488084
0.324008
0.497019
0.500828
0.495425
0.446986
0.313826
0.349135
0.288124
0.331
0.282603
0.303949
0.376553
0.30565
0.411814
0.347902
0.504555
0.390175
0.291259
0.323262
0.492135
0.284381
0.370649
0.460285
0.282375
0.289046
0.866639
0.32192
1.11868
0.483004
0.538036
0.496024
0.445742
0.289043
0.326597
0.464201
0.460844
0.300028
0.316692
0.375461
0.282739
0.286483
0.496965
0.48915
0.295715
0.772599
0.305659
0.497557
0.450599
0.476618
0.469872
0.320033
0.325691
0.502234
0.607301
0.504002
0.308856
0.584919
0.362407
0.383214
0.632446
0.533918
0.861873
0.415786
0.686359
0.54836
0.501477
0.944901
0.474886
0.498277
0.496148
0.498475
0.305719
0.405637
0.281724
0.285734
0.503719
0.839084
0.498845
0.329813
0.497225
0.598663
0.47227
0.302439
0.313969
0.945323
0.47788
0.333628
0.316166
0.394188
0.493012
0.492005
0.420088
0.279816
0.386216
0.310574
0.74258
0.498234
0.293828
0.39818
0.50223
0.861008
0.314529
0.497099
0.496399
0.497916
0.49772
0.28722
0.282457
0.485107
0.349396
0.508714
0.325438
0.281915
0.428196
0.448518
0.280798
0.306732
0.499816
0.312087
0.770528
0.284362
0.607818
2.39634
0.291913
0.369967
1.21404
1.80007
1.06869
0.764448
1.77541
0.807857
0.498989
0.307323
0.499642
0.279561
0.301061
0.317144
0.55475
2.23345
0.447846
0.500973
0.281928
0.306407
0.281428
0.496705
0.494728
0.308817
0.518557
0.492212
0.285757
0.441424
0.31014
0.279963
0.408164
0.863303
0.494205
0.499864
0.496624
0.28036
0.500542
0.501201
0.507508
0.281189
0.471
0.323969
0.465756
0.637697
0.28408
0.282214
0.304951
1.86618
0.500258
0.284875
0.748898
0.590229
0.344107
0.493007
0.323957
0.365697
0.346412
0.377855
0.281041
0.497186
0.320778
0.335593
0.501401
0.323553
0.493321
0.281398
0.283951
0.356199
0.486952
0.302606
0.2984
0.718587
0.506295
0.494701
0.467298
0.283568
0.366771
1.10639
0.326086
0.282508
0.293568
0.295
0.29238
0.327589
0.306722
0.430755
0.50033
0.292786
0.486889
0.49989
0.797915
1.60944
0.505298
0.505589
0.293904
0.340887
0.41686
0.318396
0.448903
0.632431
0.282385
1.03296
0.344245
0.742848
0.466681
0.582099
0.470617
0.364636
0.628882
0.504266
0.347444
0.499152
0.313399
0.297592
0.502538
0.496125
0.28327
0.279947
0.474787
0.295219
0.29702
0.284988
0.315647
0.309506
0.506698
0.579452
0.434212
0.496806
0.493943
0.348976
0.29398
0.305574
0.283572
0.451576
0.348742
0.284072
0.282944
0.281793
0.496663
0.282421
0.604089
0.489129
0.512898
0.493828
0.441946
0.483957
0.495577
0.281864
0.286308
0.286585
0.341293
0.492351
0.291357
0.28569
0.359097
0.504597
0.334875
0.279757
0.285571
0.491646
0.500047
0.30493
0.294715
0.281836
0.495806
0.285989
1.00273
0.419494
0.4919
0.497564
0.500373
0.490789
0.496837
1.12368
0.494551
0.700315
0.673552
0.431924
0.52203
0.281644
0.492689
0.3721
0.491953
0.502392
0.472529
0.515454
0.379114
0.684864
0.281734
0.283647
0.346096
0.523213
0.327743
0.315675
0.610957
0.493416
0.279957
0.495577
0.502853
0.413546
0.290613
0.307919
0.454251
0.296918
0.479144
0.313426
0.623004
0.39457
0.496579
0.477864
1.04848
0.482632
0.493511
0.500114
0.495404
0.307024
0.285576
0.325175
0.497832
0.394553
0.71235
0.449169
0.495846
0.471644
0.366942
0.50067
0.493954
0.301438
0.310994
0.317828
0.330084
0.495904
0.380119
0.41527
0.479481
0.50068
0.397496
0.49928
0.498072
0.282441
0.289174
0.494597
0.282713
0.439666
0.295316
0.493827
0.292294
0.414236
0.376508
0.435149
1.22878
0.504325
1.79078
0.299413
0.500235
0.619209
0.305671
0.302219
0.306829
0.527566
0.287319
0.284133
0.281023
1.19395
0.284947
0.701749
0.429381
0.279541
0.400759
0.312412
0.810585
0.439907
1.34891
0.495975
0.285424
0.370196
0.538054
1.15781
0.503479
0.495144
0.498798
0.306415
0.501448
0.504063
0.407908
0.362651
0.50016
0.335886
0.482649
2.55333
0.34067
0.437415
0.307229
0.362
0.537585
0.491918
0.500918
0.460173
0.50507
3.17902
0.80032
0.691326
0.431369
0.634638
0.292187
0.499916
0.399118
0.554504
0.301518
0.300477
0.280417
0.331707
0.495473
0.483324
0.459875
0.494561
0.49646
0.326318
0.298464
0.286617
0.335302
0.516283
0.503113
0.280234
0.286587
0.506461
0.472818
0.498941
0.502959
0.326414
0.494508
0.294955
0.415839
0.530535
0.592658
0.415167
1.1104
1.09883
0.370553
0.416465
1.11988
0.493675
0.291935
0.495164
0.499972
0.494801
0.288487
0.49691
0.500856
0.791435
0.291198
0.290799
0.379834
0.280611
0.501081
0.433262
0.492066
0.497636
0.49704
0.302753
0.314449
0.420199
0.654374
0.500379
0.446401
0.390579
0.500106
0.885161
0.280495
0.281118
0.803718
0.639545
0.758601
0.526807
0.33068
0.378947
0.4026
0.43877
1.49894
0.664296
0.411862
0.370656
0.500681
0.283144
1.69664
0.480857
0.28254
1.20655
0.299978
0.74109
0.297816
0.285801
0.495212
0.325725
0.314065
0.347422
0.498372
0.500553
0.496819
0.462967
0.417671
0.340349
0.497699
0.299709
0.795922
0.302756
0.391954
0.434918
0.473372
0.296631
0.279384
0.495368
0.49839
0.53373
0.346173
0.312562
0.499939
0.285878
0.50703
0.612699
0.490005
0.745725
0.280998
0.772316
0.503377
0.394606
0.291274
0.315374
0.497741
0.301647
0.488475
0.38152
0.2999
0.300549
0.469587
0.58643
0.423863
0.607338
0.475283
0.294274
0.31462
0.382422
0.976319
0.319846
0.810178
0.40309
0.618104
0.299342
0.476349
0.497808
0.302793
0.345979
0.455436
0.500672
0.493567
0.504947
0.310627
0.494283
0.7165
1.15234
0.283832
0.424663
0.314116
0.425809
0.491636
0.588446
0.29622
0.424225
0.281492
0.48972
0.488943
0.410651
0.372729
0.435284
0.312466
0.535967
0.334352
0.282985
0.484683
0.45556
0.449979
0.493973
0.500057
0.482902
0.499328
0.281108
0.500129
0.300805
0.500155
0.293623
0.309515
0.498164
0.391731
0.284062
0.661333
0.784311
0.39818
0.465081
0.353142
0.314853
0.412207
0.498405
0.601968
0.29364
0.279181
1.0967
0.299167
0.506629
0.424225
0.281492
0.48972
0.488943
0.410651
0.372729
0.435284
0.312466
0.535967
0.334352
0.282985
0.484683
0.45556
0.449979
0.493973
0.500057
0.482902
0.499328
0.281108
0.500129
0.300805
0.500155
0.293623
0.309515
0.498164
0.391731
0.284062
0.661333
0.784311
0.39818
0.465081
0.353142
0.314853
0.412207
0.498405
0.601968
0.29364
0.279181
1.0967
0.299167
0.506629
0.493662
0.376995
0.502571
0.428231
0.392132
0.444003
0.287908
0.582574
0.281513
0.279357
0.377012
0.363676
0.314135
0.293523
0.311858
0.502455
1.55697
0.307098
0.630031
0.895369
0.288131
0.30367
0.297673
0.347313
0.440441
0.933971
0.506329
3.00268
1.13968
0.878692
0.869994
0.306905
0.282569
0.500849
0.427117
0.283962
0.498609
0.44562
0.335435
0.303085
0.351385
0.44803
0.283544
0.306576
0.310208
2.61136
0.414997
0.494877
0.410658
0.2861
0.492508
0.29812
0.420108
0.375826
0.502477
0.494185
0.49814
0.773649
0.47845
0.309874
0.359287
0.491338
0.282375
0.284314
0.430379
0.315313
0.482623
0.279649
0.519913
0.382631
0.279154
0.434455
0.345122
0.505229
0.280604
0.448734
0.844318
0.549151
0.288012
0.279772
0.300621
0.292248
0.395245
0.296001
0.491862
0.491678
0.291244
0.491803
0.30041
0.499808
0.507869
0.283584
0.304637
0.28324
0.498325
0.528449
0.494362
0.319157
0.28846
0.292371
0.284518
0.321419
0.279518
0.282561
0.519091
0.289305
0.742255
0.36366
0.281798
0.467665
0.357227
0.9671
0.495526
0.411502
0.279172
0.344578
0.501001
0.500738
1.33073
0.499548
0.338206
0.474745
0.299384
0.298932
0.285901
0.743456
0.374759
0.374677
0.279145
0.44971
1.16836
0.39829
0.496083
0.493694
0.380538
0.639098
0.32837
0.383012
0.280642
0.528183
0.355326
0.489975
0.279728
0.507839
0.486049
0.495932
0.496893
0.494736
0.29052
0.40286
0.313876
0.393
0.279592
0.620615
0.497968
0.494659
0.461043
0.449064
0.395243
0.767594
0.38999
0.419384
0.344288
0.297546
0.514138
0.501498
0.496122
0.524405
0.49435
0.280754
0.495695
0.288939
0.281863
0.283012
0.283127
0.34148
0.297523
0.34556
0.289216
0.700423
0.317911
0.393494
0.501983
0.510526
0.354788
0.501145
0.296523
1.0966
0.409385
0.279882
0.504069
0.457936
0.313113
0.284372
0.486764
0.616664
1.80294
0.285136
0.563737
0.555682
0.280644
0.391923
0.497518
0.329119
0.349406
0.402578
0.28041
0.283321
0.30806
0.490025
0.495393
0.281624
0.498278
0.654245
0.282263
0.299006
0.570518
0.301175
0.963412
0.385172
0.310469
0.534971
1.73549
0.585793
0.483018
0.443631
0.494876
0.463148
0.498455
0.422473
0.346436
0.497259
0.301419
0.481636
0.322301
0.280897
0.511371
0.283702
0.384409
0.499628
0.493901
0.49587
0.500681
0.295231
0.43569
0.49762
0.291238
0.495054
0.284909
0.317285
0.280921
0.428641
0.436018
1.18426
0.584389
0.499155
0.283316
0.491538
0.322805
0.648294
0.281002
0.285833
0.492901
0.280675
0.487859
0.46111
1.02881
0.375595
0.505646
0.504336
0.490192
0.968216
0.288216
0.501808
0.28931
0.380661
0.472189
0.380719
0.321277
0.32775
0.483305
0.675034
0.299804
0.571946
0.464329
0.316007
0.325294
0.940637
0.649123
0.496729
0.490371
0.33563
0.281142
0.468821
0.283706
0.364331
0.31766
0.755663
0.975454
0.287958
0.283452
0.286465
0.389703
0.492162
0.495829
0.310846
0.355053
0.450983
0.436682
0.297888
0.494256
0.768443
0.427001
0.300403
0.27925
0.526198
0.407887
0.470314
0.580436
0.288165
0.391244
0.495011
0.664189
0.295191
0.847869
0.330743
0.292657
1.03475
0.494991
0.4771
0.497671
0.675997
0.427068
1.86489
0.467158
1.75396
0.477193
0.851416
0.293121
0.492673
0.602032
0.382259
0.280514
0.916612
0.286486
0.498071
0.36527
0.495805
0.289366
0.28025
0.805353
0.350404
0.279164
0.380534
0.446716
0.312266
0.286792
0.419808
0.476204
0.283775
0.495308
0.301758
0.890666
0.520521
0.352386
1.44949
0.312584
0.312491
1.17441
0.44226
0.49844
1.11488
0.341482
0.292879
0.406351
0.473522
0.282857
0.321469
0.292137
0.371605
0.496345
0.280162
0.69483
0.607898
0.823825
0.362412
0.301031
0.498276
0.300389
0.492923
0.295653
0.560581
0.306996
0.489869
0.46272
0.472492
0.32719
0.439857
0.301699
0.291711
0.307184
0.301661
0.283208
0.282375
0.316671
0.279992
0.629659
0.495735
0.403217
0.336881
0.666871
0.500955
0.281077
0.554159
0.487537
0.491238
0.499323
0.497662
0.33825
0.337266
0.280058
0.496406
0.434168
0.288892
0.307937
0.282472
0.28035
0.291067
0.293794
0.339153
0.433417
0.307946
0.280294
0.453682
1.52589
0.386228
0.50245
0.304123
1.01622
0.36601
0.498103
0.284412
0.8859
0.298834
0.383593
0.495785
0.493355
0.769481
0.398086
0.570571
0.455637
0.469341
0.290349
0.321367
0.829424
0.537073
0.283459
0.956909
0.286575
0.492975
0.288481
0.501239
0.281148
0.325641
0.330624
0.355614
0.302133
0.496156
0.284562
0.500135
0.49817
0.338056
0.947742
0.34473
0.497598
0.345514
0.434757
0.529097
0.353652
0.490925
0.500169
0.393897
0.303999
0.724849
0.449322
0.362313
0.992232
0.328759
1.69325
0.4991
0.366919
0.494945
0.292681
0.346982
0.453645
0.447843
0.52605
0.304987
0.401998
0.500593
0.958024
0.507741
0.283755
0.533195
0.305796
0.310293
0.315229
0.495694
0.573028
0.312654
0.3262
0.439051
0.462098
0.310683
0.350203
0.282146
0.504287
0.492686
0.559083
0.494707
0.630416
0.510161
0.281015
0.492122
0.312702
0.292685
0.497188
0.282377
0.781188
0.401068
0.279864
0.495464
0.495599
0.333147
0.301438
0.439552
0.900545
0.285723
0.369776
0.282417
0.385904
1.02958
0.50498
0.445005
0.280572
0.500335
0.296902
0.397533
0.281285
0.284259
0.48942
0.377815
0.421778
0.500512
0.29456
0.497701
0.498488
0.430006
0.550314
0.309405
0.288673
0.49774
0.284186
0.284365
0.540214
0.46274
0.332779
0.494995
0.51336
0.303317
0.447685
1.09511
0.630793
0.984512
0.308669
0.292328
0.32759
0.293683
0.778691
0.49833
0.50829
0.522617
0.296692
0.494982
0.290405
0.333666
0.525654
0.523768
0.501506
0.493849
0.344515
0.304115
0.284988
0.29629
0.478223
0.608634
0.640342
0.455112
0.493372
0.346103
0.42453
0.280411
0.321305
0.567655
0.280494
0.381901
0.49147
0.2978
0.409465
0.291906
0.467926
0.279357
0.399698
0.326641
0.550283
0.29312
0.362573
0.500524
0.73856
0.819156
0.282094
0.404294
0.498736
0.507285
0.290186
0.66248
0.497977
0.285403
0.331111
0.328331
0.285496
0.499333
0.498902
0.291757
0.393469
0.282566
0.286288
0.327264
0.288092
0.337272
0.357621
0.498454
0.531199
0.491209
0.29574
0.299746
0.494688
0.281486
0.28062
0.280013
0.30028
0.286967
0.410624
0.305679
0.754802
0.359378
0.478237
0.495896
0.431771
0.741299
0.29498
0.541982
0.524626
0.574022
0.645754
0.287713
0.307234
0.357984
0.342062
0.283064
0.473365
0.498555
0.345395
0.849588
0.833231
0.495085
0.49272
0.30242
0.291759
0.457419
0.281235
0.501079
0.29623
0.374648
0.291822
0.494989
0.294829
0.418605
0.280799
0.28012
0.354012
0.81668
0.497222
0.355666
0.7566
0.505183
0.455547
0.291321
0.282936
0.498995
0.279395
0.290588
0.320078
0.741138
0.380293
0.349869
0.311024
0.422832
0.933256
0.572185
0.28366
1.11662
0.365181
0.453913
0.281769
0.817789
0.50096
0.527536
0.347797
0.315605
0.943508
0.287688
0.363081
0.341059
0.502097
0.497873
0.55839
0.499723
0.503453
0.400828
0.288265
0.285987
1.02591
0.498012
0.283049
0.327813
0.352714
1.07613
0.436
0.494596
0.498919
0.436887
0.499288
0.35081
0.281758
0.831292
0.323116
0.375311
0.487419
0.769761
0.49224
0.508793
0.303613
0.538316
0.41778
0.291022
0.303762
0.285609
0.354101
0.509007
0.481787
0.510137
0.496856
0.465808
0.474226
0.494773
0.304798
0.280381
0.406232
0.297517
0.286024
0.501451
0.493919
0.44494
0.294657
0.280188
0.488711
0.320376
0.317432
0.496812
0.476151
0.497897
0.560883
0.511896
0.840014
0.291274
0.290429
0.330157
0.685683
0.520912
0.388827
0.492316
0.514814
0.31259
0.355516
0.606424
0.355025
0.323941
0.457662
0.347743
0.281544
1.35134
0.475911
0.309956
0.357122
0.482814
0.363802
0.401633
0.284516
0.385797
0.355283
0.577049
0.493671
0.499893
0.461244
0.367918
0.493901
0.351683
0.390299
0.37964
0.550381
0.40362
0.403284
0.536967
0.495443
0.284024
0.552205
0.498173
0.287908
0.279928
0.473517
0.91462
0.499179
0.284975
0.303098
0.890658
0.498313
0.445037
0.298421
0.393468
0.575826
0.914462
0.658976
0.359063
0.333222
0.858823
0.521345
0.482124
1.80684
0.324504
0.496647
0.450935
0.289141
0.466622
0.496124
0.333961
0.292742
0.282033
0.384367
0.288861
0.298798
1.52891
0.280496
0.293204
0.286822
0.496687
0.49925
0.505477
0.444351
0.493813
0.339548
0.559826
0.439655
0.31568
0.459612
0.482489
0.284766
0.481955
0.287294
0.495542
0.506806
0.820756
0.332465
0.473456
0.441624
0.2879
0.304659
0.713473
0.295871
0.726158
0.285922
0.496605
0.290898
0.518407
0.335417
0.455029
0.313425
0.395219
0.491272
0.300143
0.294404
0.283574
0.4966
0.29779
0.505233
0.374102
0.408923
0.291046
0.332822
0.469639
0.280099
0.289638
0.494845
0.282191
0.526481
0.500582
0.495318
0.721021
0.379838
0.389263
0.609405
0.301759
0.280253
0.397246
0.29092
0.495917
0.333561
0.366657
0.759039
0.337273
0.379089
0.295718
0.40367
0.289773
0.282949
0.586856
0.936192
0.364871
0.364057
0.485016
1.0981
0.502383
0.314386
0.330828
0.296479
0.283297
1.03178
0.347894
0.465498
0.312421
0.485531
0.312031
0.28968
0.497529
0.423329
0.367976
0.493654
0.298439
0.507318
0.498987
0.281028
0.343276
1.1785
0.296109
1.10215
0.28781
0.341201
0.411245
0.500817
0.496975
0.497128
0.492525
0.288417
0.282621
0.529265
0.492429
0.309158
0.623689
0.649049
0.293801
0.296836
0.3399
0.292409
0.286449
0.469211
0.499182
0.375965
1.05685
0.296912
0.727267
0.293271
0.49513
0.495663
0.478985
0.279486
0.350611
0.517147
0.362036
0.494204
1.02921
0.990869
0.556266
0.330088
0.320762
0.282498
0.287499
0.50983
1.10972
0.740005
0.417223
0.297731
1.13993
0.341335
0.279254
0.338541
0.449885
1.12374
0.493805
0.499548
0.506519
0.385267
0.499082
0.446863
0.501923
0.501673
0.475434
0.496312
0.514791
0.280204
0.534334
0.363659
0.303953
0.515299
0.455324
0.338576
0.459945
0.879878
0.477499
0.436657
0.297493
0.483197
0.574866
0.755269
0.492148
0.49974
0.623408
0.505669
0.406569
0.29033
0.495558
0.534868
0.304904
0.280402
0.42362
0.538533
0.49955
0.345281
0.281447
0.298575
0.431323
0.503192
0.282159
0.287154
1.26128
0.3913
0.698308
0.500383
0.38634
0.503034
0.34897
0.289704
0.284123
0.283468
0.282227
0.598771
0.497145
0.282564
0.322759
0.303222
0.50134
0.489816
0.288841
0.508812
0.328347
0.310695
0.497762
0.410246
0.305349
0.497109
0.279155
0.488762
0.510164
0.298132
0.305328
0.284979
0.390848
0.496165
0.281057
0.296069
0.286293
0.496822
0.498842
0.285016
0.282581
0.639465
0.306369
0.31846
0.310331
0.379908
0.29153
0.305399
0.281549
0.789531
0.328618
1.0704
0.430733
0.305467
0.279671
0.280867
0.28341
0.493897
0.331753
0.421759
0.344119
0.2922
0.540834
0.311726
0.371388
0.440417
0.38353
0.41803
0.502835
0.478693
0.54411
0.437303
0.690895
0.978369
0.499904
0.834791
0.763926
0.446294
0.530588
0.439477
0.49018
0.366474
0.39558
0.310743
0.279796
0.368397
0.282488
0.279463
0.303914
0.311111
0.395195
0.45993
0.484105
0.729397
0.378124
1.34034
0.473748
1.28386
0.450709
0.410966
0.435225
0.701998
0.679293
0.501432
0.784534
0.280253
0.397246
0.29092
0.495917
0.333561
0.366657
0.759039
0.337273
0.379089
0.295718
0.40367
0.289773
0.282949
0.586856
0.936192
0.364871
0.364057
0.485016
1.0981
0.502383
0.314386
0.330828
0.296479
0.283297
1.03178
0.347894
0.465498
0.312421
0.485531
0.312031
0.28968
0.497529
0.423329
0.367976
0.493654
0.298439
0.507318
0.498987
0.281028
0.343276
1.1785
0.296109
1.10215
0.28781
0.341201
0.411245
0.500817
0.496975
0.497128
0.492525
0.288417
0.282621
0.529265
0.492429
0.309158
0.623689
0.649049
0.293801
0.296836
0.3399
0.292409
0.286449
0.469211
0.499182
0.375965
1.05685
0.296912
0.727267
0.293271
0.49513
0.495663
0.478985
0.279486
0.350611
0.517147
0.362036
0.494204
1.02921
0.990869
0.556266
0.330088
0.320762
0.282498
0.287499
0.50983
1.10972
0.740005
0.417223
0.297731
1.13993
0.341335
0.279254
0.338541
0.449885
1.12374
0.493805
0.499548
0.506519
0.385267
0.499082
0.446863
0.501923
0.501673
0.475434
0.496312
0.514791
0.280204
0.534334
0.518407
0.335417
0.455029
0.313425
0.395219
0.491272
0.300143
0.294404
0.283574
0.4966
0.29779
0.505233
0.374102
0.408923
0.291046
0.332822
0.469639
0.280099
0.289638
0.494845
0.282191
0.526481
0.500582
0.495318
0.721021
0.379838
0.389263
0.609405
0.301759
0.32088
0.502723
0.397761
0.328201
0.801101
0.492468
0.281251
0.38308
0.463324
0.289823
0.302473
0.49774
0.305369
0.340786
0.499921
0.508062
0.343958
0.490198
0.345941
0.290906
0.575968
0.285766
0.389369
0.279873
0.41861
0.498272
0.493534
0.396511
0.325514
1.0349
0.291377
1.22411
0.492444
0.392692
0.503082
0.498021
0.493444
0.493329
0.495626
0.323845
0.534156
0.28211
0.386416
0.390929
0.500815
0.404917
0.292809
0.491356
0.503653
0.347707
1.13977
0.311807
0.316457
0.287266
0.402188
0.311833
0.493206
0.317733
0.30103
0.309262
0.493779
0.528297
0.502234
0.591392
0.510608
0.963256
0.497915
0.343602
0.771119
0.372465
0.330165
0.497588
0.956663
0.420731
0.280766
0.357184
0.284833
0.611457
0.402715
0.285087
0.341348
0.373995
0.281551
1.17454
0.476349
0.497808
0.302793
0.345979
0.455436
0.500672
0.493567
0.504947
0.310627
0.494283
0.7165
1.15234
0.283832
0.424663
0.314116
0.425809
0.491636
0.588446
0.29622
0.502849
0.367077
0.876403
0.288156
0.302956
0.286455
0.50282
0.546446
0.378338
0.323874
0.495745
0.358169
0.414689
0.47965
0.537484
0.504264
0.284637
0.791594
0.467481
0.488141
0.49118
0.311524
0.358047
0.284175
0.42413
0.683742
0.352626
0.319293
0.492521
1.04642
0.944534
0.279918
0.287631
0.340049
0.279832
0.487521
0.465961
0.313437
0.550849
0.279204
0.45364
0.695126
0.503959
0.486518
0.782342
0.502568
0.414955
0.373066
0.309919
0.717083
0.437743
0.369395
0.321322
0.7322
0.378124
0.514098
0.49669
0.410551
0.405247
0.30333
0.346395
0.490288
0.408161
0.28676
0.282127
0.901296
0.49584
0.280841
0.502714
0.388439
0.497282
1.86382
0.657926
0.501282
0.316805
0.778868
0.492224
0.345805
0.526155
1.8557
0.396264
0.280769
0.383168
0.581243
0.50032
0.354299
0.498059
0.279188
0.336774
0.497489
0.282324
0.279984
0.295427
0.476246
0.498691
0.385385
0.495912
0.280005
0.309793
1.16361
0.287642
0.499285
0.279526
0.327719
0.293017
0.280742
0.293697
0.945658
0.405786
0.505326
0.492036
0.464543
0.518761
0.494034
0.297812
0.296477
0.661391
0.286066
0.298831
0.344918
0.390173
0.497525
0.457296
0.280342
0.37456
0.367369
0.502934
0.507042
0.493795
0.314261
0.437555
0.507107
0.492533
0.579444
0.499639
0.493429
1.4771
0.522854
0.485219
0.442394
0.405944
0.443845
0.428545
1.30288
0.41505
0.498047
0.283512
0.458812
0.312011
0.485126
0.439978
0.660283
0.491602
0.299782
0.358164
0.306933
0.305993
0.399451
0.499818
0.44304
0.488942
0.283289
0.287285
0.313372
0.592903
0.31481
0.432885
0.326914
0.494599
0.282966
0.504148
0.285224
0.310264
0.353734
0.279395
0.313871
0.499647
0.429521
0.281229
0.347663
0.51647
0.279186
0.624989
0.279184
0.563127
0.320728
0.301009
0.492815
0.336481
0.366696
0.515631
0.551844
0.299284
0.316515
0.532032
0.375872
0.6281
0.424829
0.42752
0.47839
0.499643
0.501803
0.299408
0.289742
0.502005
0.289146
0.50029
0.312214
0.291396
0.457617
0.381772
0.335876
0.292475
0.913018
0.5779
0.464115
0.304986
1.166
1.05435
0.326302
0.386239
0.499728
0.487981
0.496624
0.462353
0.928043
0.493358
0.503472
0.308449
0.498467
0.282302
0.92779
0.472209
0.324637
0.3099
0.499671
0.320915
1.91698
0.496402
0.403075
0.963591
0.293282
0.401489
0.5055
0.785655
0.279165
0.980841
0.311941
0.413105
0.98531
0.495378
0.501866
0.318796
0.454436
0.313346
0.480159
0.479071
1.00355
0.369178
0.422899
0.509303
0.650415
0.500392
0.539249
0.506138
0.379016
0.68778
0.48976
0.311674
0.286031
0.280566
0.495829
0.35236
0.553534
0.613425
0.495349
0.500713
0.505769
0.503944
0.294446
0.532123
0.284249
0.522743
0.493024
0.334622
0.500071
0.526755
0.991877
0.499394
0.634979
0.286908
0.688279
0.280462
0.703563
0.492462
1.2326
0.378147
0.305887
0.497696
1.38965
0.498781
0.306758
0.590264
0.500145
0.33072
0.494344
0.358735
0.281756
0.497562
0.502885
0.305685
0.495714
0.298672
0.771145
0.398768
0.288089
0.314683
0.321942
0.358501
0.330299
0.310601
0.491868
1.00784
0.327655
0.491127
0.757328
0.979189
0.875363
0.445731
0.354754
0.722578
0.560606
0.499447
0.84423
0.283411
0.328306
0.491308
0.289822
0.285283
0.507432
0.298711
0.279141
0.44906
0.476097
0.457256
0.351282
0.306043
0.499862
0.299448
0.295028
0.498508
0.281694
0.330702
0.494756
0.370591
0.503876
0.369267
0.494214
0.812488
0.288549
0.529681
0.317203
0.547066
0.283192
0.573355
0.412649
0.497236
0.496125
0.426989
0.48823
0.492182
0.306338
0.455318
0.53822
0.496616
0.315529
0.44966
0.364259
0.374667
0.358326
0.521117
0.303716
0.284127
0.311895
0.491668
0.360616
0.364008
0.494419
0.286193
1.02386
0.359575
0.500488
0.285838
0.319478
0.499013
0.515841
0.279859
0.339283
0.279991
0.368869
0.720819
0.493333
0.390157
0.499352
0.492332
0.312117
0.351177
0.293206
0.335336
0.296597
0.300283
0.282179
0.279918
0.295094
0.281016
0.29703
0.525323
0.330771
0.318143
0.655812
0.505502
2.30364
0.351508
0.488184
0.315318
0.305899
0.348843
0.4883
0.495178
0.349853
0.333043
0.293963
0.299637
0.297428
0.49164
0.5008
0.507004
0.502008
0.960201
0.491936
1.41541
0.466289
0.285534
0.435531
0.325892
0.502301
0.283999
0.542551
1.06743
0.49522
0.503717
1.06283
0.298086
0.281679
0.286369
0.283083
0.300889
0.306965
0.298187
0.702429
0.292533
1.36364
0.498071
0.49488
0.49713
0.490478
0.329935
0.29216
0.844922
0.279806
0.377178
0.339995
0.369587
0.493859
0.283744
0.501054
0.644019
0.281103
0.957318
0.498403
0.3029
0.285058
0.290047
0.3315
0.467874
0.451202
0.437603
1.22781
0.34252
0.365007
0.281722
0.488281
0.344793
0.440963
0.343966
0.939801
1.2277
0.280869
0.383884
1.34429
0.422714
1.06936
0.496111
0.297371
1.45843
0.344625
0.302071
0.349427
0.455496
0.490059
0.288385
0.385342
0.546341
0.281368
0.284149
0.310723
0.291421
0.281439
1.23059
0.501263
0.434448
0.306385
0.505981
0.497541
0.639964
0.417039
0.443212
0.49862
0.39086
0.329167
0.313254
0.299263
0.362993
0.498736
0.420007
0.373355
0.296242
0.49397
0.291294
0.501331
0.632864
0.281966
0.348154
0.4972
0.491997
0.521973
0.483076
0.502703
0.83915
0.502193
0.924476
0.495605
0.328232
0.339446
0.453694
0.384024
0.453359
0.295712
0.287211
0.993919
0.285585
0.299079
0.36432
0.31171
0.300087
1.25653
0.29485
0.328619
0.321964
0.478976
0.28267
0.475351
0.361201
0.468755
0.502531
0.500471
0.908382
0.281235
0.380335
0.404793
0.279625
0.419017
0.281166
0.303777
0.303091
0.44419
0.323063
0.474405
0.28354
0.28137
0.281639
0.431639
0.289461
0.401417
0.742727
0.29201
0.340129
0.28684
0.350068
0.293534
0.449405
0.343455
0.36761
0.343202
0.308955
0.315513
0.49659
0.355535
0.484715
0.778594
0.35135
0.49688
0.304443
0.311102
0.472474
0.300345
0.298595
0.287215
0.49721
0.321705
0.333692
0.284088
0.495998
0.989206
0.411541
0.392723
0.327543
0.437554
0.433357
0.304438
0.500986
0.291696
0.356503
0.284093
0.505016
0.279558
0.413405
0.44618
0.343391
0.499717
0.501716
0.359322
0.493307
0.435329
0.283581
0.285085
0.445658
0.400293
0.497247
0.489045
0.304929
0.512043
0.479674
0.354214
0.285173
0.500799
0.286227
0.49874
0.536204
0.375949
