1.12264
1.18858
1.11663
1.34326
1.11461
1.11654
1.17205
1.1898
1.49502
1.11562
1.11504
1.59005
1.59663
1.65081
1.48168
1.76318
1.60147
1.45422
1.3018
1.14549
2.14387
2.01111
1.11602
1.20925
1.28444
1.23151
1.30466
1.11701
1.57039
1.2866
1.59215
1.62552
1.58829
1.26128
1.22332
1.31535
1.51566
1.17415
1.35599
1.74692
1.2858
1.16897
1.16512
1.16954
1.18285
1.0972
1.09327
1.17218
1.15005
1.71166
1.09234
1.42176
1.1268
1.53945
1.17836
1.51416
1.16806
1.09363
1.24195
1.42088
1.18511
1.50687
1.27763
1.6241
1.11116
1.11267
1.34485
1.12405
1.17045
1.15486
1.25393
1.23187
1.54478
1.1758
1.11622
1.33708
1.11538
1.11803
1.20558
1.38371
1.10545
1.75533
1.89053
1.43425
1.29796
1.1727
1.38057
2.1048
1.5345
1.7685
1.09018
1.12185
1.67291
1.19126
1.86016
1.10243
2.17081
1.95978
1.38816
1.24179
1.11689
1.41939
1.11725
1.51342
1.11575
1.11584
1.40085
1.16153
1.18166
1.51928
1.17174
1.67662
1.12606
1.14862
2.07078
1.66603
1.57884
1.6327
1.11614
1.25372
1.21189
1.26871
1.11646
1.22613
1.11589
1.42902
1.10917
1.40544
1.25523
1.36517
1.13651
1.26956
1.18799
1.19914
1.1148
1.21913
1.28598
1.38879
1.16485
1.68259
1.17521
1.21978
1.11681
1.34495
1.6431
1.42253
1.5864
1.57745
1.97694
1.26615
2.14929
1.78442
1.11509
1.11513
1.46737
1.42377
1.46531
1.21845
1.30319
1.15368
1.11505
1.21376
1.19392
1.83876
1.33587
1.66525
1.11527
1.26867
1.20384
1.11673
1.24468
1.26818
1.37245
1.53765
1.24397
1.21752
1.67922
1.71702
1.96893
1.18166
1.31057
1.74694
1.56399
1.55433
1.37308
1.25786
1.14142
1.64253
1.14735
1.1088
1.11868
1.38819
2.03243
1.53465
1.42359
1.1829
1.14635
1.59683
1.11504
1.11301
1.4486
1.37726
1.15975
1.30906
1.11376
1.1192
1.2282
1.77073
1.33973
1.30486
1.33478
1.11462
1.30726
1.11418
1.09074
1.34545
1.31062
1.66529
1.66628
1.22933
1.16446
1.67299
1.12272
1.12211
1.47521
1.21226
1.19286
1.38617
1.4224
1.16563
1.3138
1.36297
1.54206
1.25102
1.17771
1.33925
1.14671
1.11601
1.44232
1.15969
1.2919
1.25298
1.43562
1.11502
1.17528
1.36361
1.47977
1.20751
1.41901
1.15737
1.13321
1.17926
1.11725
1.11446
1.1389
1.93054
1.50822
1.2305
1.80047
1.25164
1.13644
1.14205
1.3977
1.45615
1.20899
1.89956
1.13812
1.18168
1.11746
1.10966
1.17231
1.62478
1.44395
1.21599
1.11592
1.11723
2.1907
1.24325
1.17445
1.11395
1.52366
2.72098
1.18386
1.11441
1.64598
1.13278
1.11135
1.15166
1.46659
1.73664
1.87676
1.30657
1.60697
1.35278
1.60946
1.16406
1.87148
1.57537
1.61826
1.16021
1.46807
1.07922
1.14885
1.10856
1.32915
1.3619
1.20705
1.44611
1.30523
1.08627
1.11454
1.35992
1.24785
1.6539
1.13574
1.23573
1.38847
2.07833
2.40793
1.1156
2.00345
1.12895
1.16762
1.1723
1.23148
1.40652
1.17208
1.29345
1.11557
1.11292
1.13147
1.42183
1.11857
1.62985
1.18548
1.61719
1.1859
1.30114
1.61393
1.11887
1.18374
1.40454
1.1157
1.42162
1.17486
1.49933
1.20951
1.45703
1.37288
1.11552
1.61457
1.24251
1.11717
1.5449
1.08856
1.204
1.09012
1.62191
1.68906
1.80828
1.27378
1.8986
1.23219
1.19031
1.36207
1.18059
1.11408
1.45814
1.10423
1.45613
1.20172
1.15415
1.84191
1.26267
1.23147
2.28846
1.4229
1.11239
1.18205
1.33492
1.11615
1.18079
1.11577
1.19098
1.51764
1.15947
1.36238
1.11453
1.43609
1.24636
1.6661
1.14257
1.25239
1.11753
1.11511
1.136
1.11481
1.54429
1.30335
1.34445
1.54022
1.09239
1.32574
1.35423
1.16304
1.35692
1.20885
1.34208
1.34802
1.16704
1.27601
1.24387
1.49215
2.02776
1.26499
1.49068
1.11795
1.44124
1.34081
1.11574
1.15075
1.45143
1.09533
1.33046
1.71028
1.13103
1.11175
1.30959
1.0881
1.27248
1.33394
1.18526
1.09128
1.53103
1.28423
1.11394
1.35129
1.2985
1.11721
1.13438
1.24523
1.44959
1.16001
1.45202
1.16648
1.2034
1.66955
1.35385
1.37339
1.47034
1.4341
1.51522
1.16218
1.09725
1.10007
1.21267
1.27362
1.83385
1.18083
1.18094
1.44853
1.19922
1.89468
1.9648
1.27349
1.5097
1.31589
1.5288
2.0226
1.42094
1.2008
1.56534
1.2418
1.41501
1.57325
1.12496
1.11819
1.60801
1.11515
1.29187
1.58499
1.71558
1.13628
1.17152
1.16866
1.23498
1.14424
1.24565
1.37284
1.15198
1.11445
1.45477
1.15406
1.18808
1.32562
1.11732
1.41227
1.11696
1.14599
1.67426
1.22785
1.10431
1.71431
1.34403
1.48753
1.29339
1.68903
1.31244
1.35961
1.40764
1.77003
1.48333
1.40678
1.39978
1.2669
1.40381
1.56495
1.25358
1.15301
1.34308
2.30487
1.33483
1.11705
2.18748
1.37895
1.08828
1.30734
1.1335
1.11943
1.56793
1.11395
1.11655
1.10377
1.16181
1.49345
1.53543
1.24895
1.18046
1.19877
1.81675
1.17979
1.9083
1.16947
1.23972
1.22589
1.26774
1.18711
1.29679
1.15596
1.33802
1.21251
1.2955
1.09784
1.0887
1.22158
1.11722
1.17561
1.11752
1.57369
1.32476
1.31894
1.29666
1.18587
1.54369
1.11016
1.47014
1.31887
1.08867
1.47256
1.71195
1.09163
1.11855
1.39462
1.34455
1.14369
1.50402
1.17045
1.18504
1.40216
1.35574
1.50875
1.55247
1.39083
1.27707
1.22983
1.18626
1.13373
1.14066
1.31185
1.73897
1.24544
1.15197
1.16814
1.20573
1.44548
1.63876
1.69649
1.71541
1.68034
1.13631
1.1153
2.14307
1.12406
1.14109
1.08456
1.72365
1.23842
1.22688
1.11587
1.21273
1.31554
1.77293
1.17834
1.98231
1.13703
1.56706
1.73722
1.53845
1.20732
2.2957
2.20553
1.1212
1.20276
1.34482
1.40914
1.11386
1.50624
1.40695
1.15186
1.27683
1.20179
1.18339
1.34676
1.31261
1.21044
1.31215
1.43351
1.43623
1.39032
1.2515
1.17384
1.27275
1.67934
1.11544
1.19801
1.21736
1.28474
1.25339
1.19249
1.15443
1.1238
1.28138
1.35437
1.26148
1.3351
1.24241
1.1951
1.36692
1.14174
1.3012
1.15205
1.23273
1.12894
1.24869
1.09142
1.10932
1.12267
1.23842
1.22688
1.11587
1.21273
1.31554
1.77293
1.17834
1.98231
1.13703
1.56706
1.73722
1.53845
1.20732
2.2957
2.20553
1.1212
1.20276
1.24544
1.15197
1.16814
1.20573
1.44548
1.63876
1.69649
1.71541
1.68034
1.15629
1.1161
1.16689
1.07982
1.30131
1.24634
1.20052
1.45001
1.482
1.1679
1.60386
1.66934
1.34445
1.54022
1.16352
1.36381
1.50595
1.19985
1.12752
1.4156
1.2762
1.08496
1.09931
1.16875
1.27169
1.11631
1.2198
1.0947
1.24483
1.62518
1.60205
1.23533
1.21504
1.35384
1.4474
1.61561
1.20769
1.08759
1.24729
1.11513
1.12217
1.11613
1.21885
1.11094
1.12743
1.36525
1.34462
1.45696
1.19098
1.08078
1.12036
1.11579
1.32408
1.7224
1.15252
1.17511
1.14522
1.30778
1.11571
1.11483
1.13498
1.56617
1.60641
1.81158
1.4275
1.11826
1.08518
1.11174
2.01255
1.13835
1.11677
1.44184
1.17337
1.62049
1.11434
1.1779
1.27578
1.59044
1.09811
1.64321
1.9117
1.45347
1.34726
1.11539
1.26114
1.72526
1.17441
1.55226
1.10226
1.36057
1.58176
1.73034
1.93276
1.11971
1.21313
1.4347
1.39438
1.11567
1.10882
1.70511
1.4432
1.90687
1.12477
1.22923
1.10436
1.25197
1.2802
1.20413
1.09035
1.68431
1.99344
1.38508
1.13829
1.40584
1.16064
1.39973
1.11795
1.66512
1.4188
1.3268
1.13681
1.27634
1.2056
1.30342
1.31301
1.17152
1.52881
1.25541
1.29927
1.47664
1.10064
1.49408
1.11449
1.10214
1.27762
1.2305
1.12705
1.11589
1.11654
1.513
1.16809
1.40942
1.18718
1.24095
1.16969
2.31406
1.94607
1.20301
1.28346
1.14796
1.11924
1.31276
1.34767
1.42591
1.25057
1.78983
1.17149
1.11608
1.11605
1.55832
1.15167
1.13513
1.11595
1.262
1.51188
1.11609
1.30506
1.65571
