0.289866
0.362564
0.492437
0.474081
0.50177
0.29282
0.279748
0.298137
0.290992
0.439919
0.497389
0.656545
0.503167
0.49875
0.286745
0.51586
0.462525
0.373398
0.500836
0.494547
0.303709
0.283586
0.411274
0.369984
0.501296
0.401408
0.516721
0.412248
0.282611
0.491151
0.499946
0.773248
0.49933
0.847851
0.301114
0.285081
0.496408
0.300386
1.08769
0.767801
0.328574
0.605828
0.495159
0.291352
0.291015
0.501263
0.321713
0.496328
0.484869
1.42852
0.488536
0.640381
0.282511
0.49846
0.493652
0.407565
0.279891
0.69014
0.497189
0.295405
0.319189
0.499887
0.284433
0.495869
0.499491
0.526933
0.486742
0.282265
0.279589
0.354632
1.35908
0.302054
0.352385
0.49244
0.50184
0.500075
0.495847
0.300566
0.308373
0.391686
0.290572
0.362596
0.527597
1.37719
0.363546
0.513445
0.287935
0.282427
0.591631
0.383429
0.279208
0.497566
0.322292
0.497634
0.317284
0.50472
1.03895
0.494723
0.79283
0.499102
0.507913
0.584562
0.367557
0.435131
0.357978
0.499282
0.279435
0.283826
0.3055
0.492304
0.437052
0.283926
0.287658
0.389245
0.489241
0.279717
0.509921
0.283888
0.346058
0.344885
0.390174
0.333052
0.502141
0.375367
0.466101
0.409202
0.281796
0.280029
0.518425
0.292654
0.302147
0.916306
0.499311
0.357373
0.29383
0.514568
0.489242
0.498718
0.49772
0.873706
0.335675
0.545724
0.31129
1.04623
0.496131
0.35677
0.408979
0.312014
0.303291
0.280108
0.850628
0.279295
0.287302
0.490008
0.924925
0.352535
0.596799
0.279293
0.502138
0.302632
0.500437
0.496485
0.574621
0.290474
1.1087
0.428441
0.496587
0.50019
0.513182
0.279937
0.394206
0.497723
0.391652
0.393737
0.32446
0.362743
0.49766
0.506439
0.499001
0.752113
0.308318
0.347138
0.548879
0.289485
0.507475
0.377664
0.557557
0.50406
0.527467
0.447012
0.338654
0.496341
0.37043
0.761138
0.358416
0.309199
0.425066
0.285519
0.494678
0.549405
0.280239
0.445256
0.469169
0.502717
0.832767
0.410926
0.488628
0.317501
0.479778
0.43256
0.281988
0.485744
0.290347
1.02862
0.507422
0.28039
0.286745
0.596657
0.325382
0.290279
0.496548
0.499582
0.503014
0.460943
0.28127
0.326893
0.500615
0.499563
0.283845
0.28092
0.385873
0.280376
0.51374
0.281299
0.501067
0.297647
0.42447
0.307991
0.280985
0.493592
0.495468
0.326173
0.415929
0.496811
0.373439
0.398246
0.500308
0.367639
0.326549
0.624857
0.396487
0.952922
0.650908
0.506247
0.327595
0.887975
0.498257
0.352789
0.287378
0.560984
0.494343
1.34229
0.299225
0.487436
0.37626
0.702044
0.501223
0.501046
0.289728
0.282998
0.488679
0.35717
0.493903
0.282198
0.279536
0.282223
0.298742
0.493623
0.297223
0.501288
0.405027
0.496541
0.280675
0.283909
0.393609
1.22322
0.502882
0.495418
0.352236
0.497932
0.499537
0.502297
0.646302
0.281785
0.477266
0.396213
0.495742
0.495974
0.494625
0.394753
0.317797
0.49083
0.470543
0.496293
0.500343
0.505954
0.334922
0.791331
0.661194
0.325097
0.288449
0.286631
1.09494
0.385919
0.496359
0.344844
0.489582
0.634027
0.500339
0.361119
0.490587
0.483024
0.289728
0.492399
0.279441
0.495601
0.492966
0.379292
0.417577
0.498134
0.500174
0.497546
0.30764
0.304345
0.28309
0.280112
0.519108
0.487262
0.320925
0.490246
0.279399
0.325233
0.280358
0.399246
0.348955
0.519043
0.497027
0.508228
0.30717
0.287741
0.288651
0.407572
0.292202
0.279298
0.340062
1.10319
0.484273
0.316566
0.288011
0.431394
0.363029
0.285429
0.894736
0.489819
0.487359
0.496458
0.493607
0.491806
0.28245
0.28072
1.28745
1.23853
0.280756
0.314361
0.286768
0.336329
0.27923
0.289519
0.495324
0.496397
0.431253
0.503587
0.390551
0.854089
0.940655
1.33488
0.493083
0.331883
0.411348
0.503182
0.354868
0.44292
0.495858
0.472984
0.294691
0.492286
0.445536
0.2803
0.421423
0.640001
0.334073
0.50027
0.496636
0.280642
0.284412
0.501105
0.491246
0.316075
0.291677
0.279307
0.289117
0.416927
0.687055
0.280136
0.296521
0.358129
0.50419
0.496897
0.474056
0.491243
0.28454
0.499926
0.484811
0.498734
0.342374
0.286654
0.557431
0.494951
0.497122
0.499439
0.331917
0.498624
0.385951
0.499608
0.679195
0.336853
0.280685
0.30143
0.298471
0.49711
0.339499
0.342011
1.06687
0.844715
0.49587
0.493001
0.353265
0.296579
0.281406
0.324095
0.281935
0.318632
0.317236
0.403404
0.300106
0.906573
0.279316
0.490788
0.419192
0.280981
0.453235
0.501926
0.302084
0.317202
0.327894
0.292772
0.306529
0.343495
0.498864
0.499053
0.482238
0.351099
0.291734
0.288276
0.378388
0.458749
0.284488
0.495103
0.688247
0.384978
0.496933
0.291514
0.282189
0.296671
0.512236
0.50872
0.286399
0.493973
0.282158
0.493386
0.297305
0.502766
0.296819
0.504468
0.38143
0.292477
0.385389
0.322703
0.280438
0.296848
0.447513
0.30146
0.493341
0.353772
0.490708
0.431842
0.4475
0.472454
0.500116
0.495664
0.313469
0.414508
0.403422
1.01753
0.290246
0.494113
0.420932
0.500288
0.408802
1.1993
0.468486
0.431949
0.499505
0.501937
0.36327
0.496151
0.403559
0.305152
0.340482
0.514702
1.50467
0.378581
0.279885
0.288131
0.489507
0.279562
0.366373
0.484111
0.493745
0.418963
0.444548
0.501237
0.466157
0.281265
0.359992
0.489557
0.502003
0.38171
0.494407
1.03463
0.38342
0.49947
0.666346
0.486289
0.437051
0.491929
0.780184
0.493807
0.307623
0.365388
0.988328
0.630927
0.49615
0.609322
0.497561
0.417201
0.421121
0.303858
0.407135
0.492835
0.343072
0.27932
0.314928
0.334296
0.490928
0.50048
0.500727
0.295169
0.284339
0.298201
0.280499
0.500217
0.500208
0.50666
0.331182
0.533564
1.29453
0.318789
0.279148
0.517953
0.282297
0.476527
0.283594
0.692953
0.281012
0.902486
0.489247
0.493853
0.481463
0.495887
0.343909
0.362783
0.281918
0.494324
0.461842
0.282522
0.499144
0.371589
1.03606
0.40688
0.307392
0.320872
0.289269
0.493333
0.289821
0.299002
0.456029
0.391611
0.628493
0.294941
0.499286
0.509307
0.291353
0.499506
0.289911
0.507591
0.437249
0.298888
0.336414
0.279148
0.279607
0.496947
0.292562
0.498298
0.494583
0.485436
0.495576
0.318166
0.500013
0.432718
1.15064
0.803259
1.08273
0.491387
0.497696
0.830065
0.505969
0.46668
0.296684
0.475906
0.370898
0.484387
0.30249
0.494803
0.291292
0.330726
0.493939
0.506072
0.496591
0.334085
0.289754
0.448779
0.444355
0.280445
0.499844
0.40267
0.282227
0.503296
0.377352
0.477609
0.605463
0.295949
0.497373
0.476213
0.306949
0.279523
0.294771
0.502876
0.381353
0.346659
0.502773
0.395367
0.978446
0.334292
0.341112
0.279607
0.324468
0.49968
0.496422
0.334715
0.360051
0.495445
0.504287
0.281539
0.31152
0.495468
0.498826
0.492387
0.499007
0.284538
0.280743
0.51896
0.500268
0.284355
0.286382
0.437035
0.355017
0.64211
0.28261
0.28863
0.391733
0.495576
0.374013
0.490361
0.434558
0.502189
0.289785
0.286727
1.83448
0.282129
0.424878
0.466356
0.504182
0.39572
0.498687
0.500353
0.294561
0.494897
0.300094
0.462762
0.405147
0.303614
0.43253
0.50211
0.311016
0.28869
0.373206
0.279269
0.303526
0.496549
0.286236
0.300617
0.318284
0.491489
0.279707
1.23241
0.40473
0.488596
0.303793
0.49613
0.486806
0.500232
0.919971
0.325108
0.500569
0.334681
0.486666
0.286692
0.283896
0.493655
0.286063
0.292863
0.321316
0.280833
0.498073
0.28809
0.492495
0.321954
0.49626
0.37606
0.430618
0.317982
0.497906
0.465993
0.498955
0.499929
0.435674
0.295056
0.393879
0.704111
0.497183
0.496047
0.531266
0.488968
0.373785
0.498095
0.307629
0.390342
0.28156
0.495233
0.421029
0.279298
0.287711
0.415201
0.52486
0.282383
0.49602
0.443047
0.496393
0.288066
0.28463
0.349085
0.509239
0.432533
1.17915
0.279729
0.318505
0.461095
0.495223
0.281439
0.498748
0.410824
0.355826
0.46056
0.512264
0.322702
0.281828
0.292756
0.280557
0.283872
0.850216
0.513353
0.280144
0.279508
0.42412
0.286406
1.0862
0.492567
0.495236
0.285763
0.494506
0.537413
0.282305
0.323483
0.38559
0.403261
0.499212
0.496837
0.49165
0.502248
0.300415
0.292728
0.280975
0.291447
0.282215
0.830089
1.56298
0.5039
0.289145
0.303587
0.51813
0.445511
0.327464
0.994461
0.484197
0.491421
0.773602
0.315616
0.285118
0.453406
0.313366
0.482458
0.924447
0.75222
0.517252
0.454655
0.475633
0.370991
0.494249
0.494152
0.513084
0.49236
0.408205
0.455165
0.281768
0.503561
0.540074
0.432572
0.496397
0.390229
0.753044
0.445444
0.28167
0.70175
0.421659
0.495372
0.285256
0.502308
0.391164
0.497626
0.401863
0.396173
0.411784
0.496809
0.495838
0.302554
0.58859
0.406856
0.38659
0.279977
0.495446
0.524983
1.81468
0.281333
0.493814
0.496066
0.417305
0.504475
0.285763
0.368683
0.296419
0.280332
0.296732
0.332427
0.381249
0.502753
0.470474
0.666324
0.496347
0.516769
0.339187
0.65494
0.325779
0.317816
1.13042
0.913897
0.503721
0.296523
0.299857
0.690572
0.408756
0.503127
0.495308
0.402856
0.565246
0.499023
0.438569
0.635634
0.342353
0.502261
0.292974
0.493978
0.498163
0.497833
0.283792
0.562151
0.359003
0.775381
0.502816
0.501547
1.1648
0.475776
0.283111
0.295719
0.547266
1.25976
0.370086
0.27975
0.352289
0.859549
0.31487
0.305926
0.313719
0.3191
0.279718
0.392463
0.497046
0.286694
0.36468
0.279171
0.41926
0.300471
0.436721
0.526657
0.523508
0.326066
0.356466
0.497041
0.310877
0.454555
0.671053
0.290564
0.285651
0.336315
0.49055
0.419593
0.302695
0.281772
1.21131
0.28092
0.490245
0.494284
0.502786
0.379421
0.352194
0.28144
0.458943
0.284334
0.397216
0.279429
1.18809
0.415069
0.282771
0.496762
0.403738
0.283307
0.280508
0.505384
0.362103
0.50582
0.49737
0.495179
0.29336
0.417568
0.49896
0.297272
0.300628
0.494351
0.494682
0.50068
0.489335
0.494349
0.488322
0.320555
0.336238
0.506036
0.28429
0.495951
0.289663
0.340559
0.385882
0.321015
0.289024
0.497698
0.474688
0.497453
0.497776
0.412788
0.520938
0.283697
0.498053
0.285745
0.495016
0.691582
0.492416
0.294541
0.503398
0.32861
0.497704
0.333065
0.497105
0.460819
0.540443
0.280858
0.769702
0.384868
0.339668
0.47947
0.498937
0.487263
0.285626
0.28091
0.496047
0.341558
0.280389
0.347407
0.280529
0.290485
0.501248
0.298112
0.540872
0.495311
0.435389
0.957321
0.455196
0.293457
1.06529
0.87843
0.492543
0.496216
0.491122
0.283334
0.525436
0.542992
2.19982
0.495005
0.280548
0.781272
0.496773
0.306421
0.494266
0.496175
0.279948
0.303827
0.293706
0.578496
0.49883
0.284024
0.676482
0.280642
0.498007
1.0132
0.522065
0.376907
0.296867
0.708174
0.464258
0.420324
0.644172
0.42108
0.460973
0.282352
0.43454
1.02879
0.498342
1.26347
0.280274
0.284829
0.279437
0.288009
0.300881
0.871534
1.19205
0.336685
0.328103
0.291508
0.623086
0.357258
0.285568
0.320454
0.280248
0.285871
0.501254
0.279149
0.285889
0.314503
0.42864
0.498752
0.330736
0.422375
0.281639
0.328774
0.729768
0.495278
0.391868
0.380032
0.307696
0.530956
0.495105
1.0528
0.489903
0.29125
0.283388
0.318827
0.895803
0.574423
0.279765
0.55784
0.61677
0.443707
1.65386
0.491515
0.336347
0.295513
0.306781
0.497513
0.310939
0.497017
0.491473
0.283025
0.290215
0.307809
0.285957
0.497903
0.292449
0.501656
0.422778
0.496059
0.412437
0.507595
0.49486
0.497479
0.49476
0.496942
0.48693
0.489198
0.450694
0.299805
0.284104
0.494639
0.282839
0.496275
0.501428
0.279431
0.464475
0.460358
0.291011
0.279886
0.497608
0.500489
0.491374
0.323245
0.330206
0.490339
0.500665
0.495627
0.439697
0.477626
0.294694
0.287641
0.929564
0.643237
0.330468
0.280722
0.305973
0.50161
0.497815
0.497813
0.847125
0.490083
0.326155
0.325713
0.397718
0.355629
0.494297
0.34454
0.308342
0.905826
0.302091
0.279401
0.281331
0.492887
0.298412
0.285871
0.501254
0.279149
0.285889
0.314503
0.42864
0.498752
0.330736
0.422375
0.281639
0.328774
0.729768
0.495278
0.391868
0.380032
0.307696
0.530956
0.495105
1.0528
0.489903
0.29125
0.283388
0.318827
0.895803
0.574423
0.279765
0.55784
0.61677
0.443707
1.65386
0.491515
0.336347
0.496175
0.279948
0.303827
0.293706
0.578496
0.49883
0.284024
0.676482
0.280642
0.498007
1.0132
0.522065
0.376907
0.296867
0.708174
0.464258
0.420324
0.644172
0.519067
0.478611
0.495133
0.384238
0.320716
0.285396
0.284725
0.494915
0.351202
0.501683
0.419234
1.02489
0.456832
0.438402
0.498146
0.946853
0.493417
1.06435
0.496549
0.286236
0.300617
0.318284
0.491489
0.279707
1.23241
0.296171
0.442989
0.500747
0.294902
0.489186
0.502392
0.506401
0.331088
0.498749
0.288879
0.332779
0.326387
0.496786
0.734944
0.308655
0.333749
0.279189
0.389048
0.480189
1.09497
0.367105
0.328683
0.283915
0.430353
0.290768
0.307645
0.289552
0.286327
0.503447
0.292073
0.498356
0.391907
0.498982
0.28071
0.500419
0.623447
0.502021
0.446174
0.493969
0.359397
0.292227
0.280588
0.317163
0.320384
0.353175
0.282411
0.505658
0.493009
0.497454
0.464452
0.49573
0.296006
0.325877
0.380662
0.5125
0.27951
0.285218
0.285144
0.481984
0.499434
0.39349
0.50656
0.481205
0.298339
0.31592
0.418405
0.372122
0.494227
0.496833
0.601276
0.284651
0.50868
0.446626
0.505664
0.672265
0.547366
0.454642
0.314055
0.60186
0.491998
0.394751
0.483577
0.436533
0.500669
0.428744
0.489667
0.386815
1.06493
0.31189
1.13595
0.280134
0.501959
0.431007
0.468548
0.279393
0.640202
0.540864
0.804952
0.707978
0.326032
0.43462
0.446245
0.92614
0.279645
0.325603
0.330196
0.442992
0.444801
0.283747
0.398901
0.281011
0.306391
0.499334
0.285037
0.4998
0.49509
0.360816
0.280464
0.497325
0.395645
0.49618
0.443265
0.436919
0.497522
0.347642
0.471725
0.289644
3.27138
0.283197
0.279787
0.43466
0.522396
0.491596
0.282439
0.455069
0.323324
0.48489
0.324344
0.369706
0.290696
0.497427
0.49863
0.502546
0.282185
0.288066
0.360327
0.434722
0.370373
0.322229
0.362303
0.350526
0.50012
0.44265
0.499947
0.557184
0.401157
0.430961
0.310072
0.497207
0.495173
0.353186
0.403843
0.447014
0.445896
0.398555
0.292703
0.499615
0.522405
1.38213
0.307541
0.499181
0.316265
0.284451
0.288439
0.500381
0.499162
0.299145
0.33055
0.37351
0.532857
0.494925
0.281357
0.506252
0.293637
0.498629
0.491013
0.329928
0.285143
0.282651
0.322216
0.288105
0.289973
0.951605
0.461707
0.282302
0.347153
0.363068
0.92851
0.500169
0.317735
0.423011
0.497446
0.501893
0.303283
0.498999
0.282938
1.56738
0.434033
0.499464
0.493768
0.487979
0.313995
0.497018
0.316531
0.279277
0.49806
0.281319
0.362763
0.351266
0.284348
0.497939
0.499459
0.423578
0.324276
0.481651
0.280053
0.287349
0.517327
0.283522
0.30764
0.497242
0.289806
0.283821
0.414503
0.298209
0.722082
0.690846
0.281381
0.503681
0.279577
0.282112
0.401869
0.39866
0.399684
1.01424
0.452329
0.28043
0.495481
0.49731
0.518983
0.496222
0.348217
0.500447
2.10064
1.69378
0.588733
0.495658
0.776102
0.28207
0.281308
0.284839
0.280029
0.372924
0.3047
0.295671
0.280854
0.282115
0.499242
0.500138
0.282333
0.281511
0.495755
0.480359
0.284882
0.283279
0.525508
0.498952
0.337564
0.344995
0.286699
0.284376
0.334171
0.493763
0.429047
0.43576
0.283913
0.28878
0.292553
0.49278
0.506107
0.375542
1.07022
0.280268
0.406288
0.53217
0.326366
0.281105
0.288829
0.323262
0.508703
0.282173
0.368032
0.288639
0.495315
0.294285
0.480316
0.497167
0.457669
0.299119
